   6.8646520475747863        8.8812124334455103     
         256
    0.6009021893E+01    0.5043079700E+01    0.8070236747E+00    1
    0.5684373947E+00    0.7816992545E+00    0.2691164555E+01    1
    0.6398270784E+01    0.5912480916E+01    0.6797552196E+01    2
    0.1279270677E+01    0.4845691725E+01    0.6304103731E+01    1
    0.4492463471E+01    0.2382510892E+01    0.6386392024E+01    2
    0.5315943609E+01    0.4860627517E+00    0.4801388549E+01    2
    0.1620471554E+00    0.6574580652E+01    0.3080779118E+01    2
    0.2738330891E+01    0.3234492612E+01    0.3555499959E+01    1
    0.1611401212E+01    0.6720206508E+01    0.3103351201E+01    1
    0.3316976641E+01    0.3855034915E+01    0.2962251685E+01    1
    0.8032844641E+01    0.3088778387E+01    0.1726280974E+01    2
    0.6439012127E+01    0.3419514277E+01    0.1042188545E+01    1
    0.1056515910E+01    0.4281978999E+01    0.4818393108E+00    1
    0.5461249591E+01    0.4638342888E+00    0.5487827791E+01    1
    0.1232881303E+00    0.6188384567E+00    0.8635762080E+00    1
    0.5443894753E+01    0.6337010874E+01    0.4069041324E+01    1
    0.4211963387E+01    0.4194741080E+01    0.2072174352E+01    1
    0.5666686869E+01    0.1644406289E+01    0.2159121440E+01    1
    0.2475710364E+01    0.4901298068E+01    0.1598895449E+01    2
    0.2495748128E+01    0.4197900352E+01    0.1972407016E+01    1
    0.3794771107E+01    0.1178686854E+01    0.3772917997E+00    1
    0.2336069472E+01    0.1282707300E+01    0.1410146877E+01    1
    0.3586267074E+01    0.3609499933E+01    0.6616432671E+01    1
    0.4202867661E+01    0.3004087787E+01    0.5629421897E+01    1
    0.6709298231E+01    0.5986204103E+01    0.1094347096E+00    1
    0.1569282790E+01    0.3473994166E+01    0.1554059777E+01    1
    0.4989616820E+01    0.4406283374E+01    0.4171900809E+01    1
    0.3888080084E+00    0.1740936282E+01    0.5704071258E+01    1
    0.4155831147E+01    0.2436545756E+01    0.1099551897E+01    1
    0.3578659881E+01    0.1271045151E+01    0.3856610898E+01    1
    0.7439505309E+00    0.2712296954E+01    0.2838870306E+01    1
    0.1849756790E+01    0.5713688111E+01    0.2836303499E+01    1
    0.7329809558E+01    0.4677154561E+01    0.5051616693E+01    2
    0.1637229986E+01    0.1139008240E+00    0.2002697683E+01    1
    0.6928241327E+01    0.6376311725E+01    0.1067438299E+01    2
    0.2325716107E+01    0.3056697793E+01    0.6008547425E+01    1
    0.1334486783E+01    0.1060538969E+01    0.1812543786E+01    1
    0.3998032823E+01    0.4843267810E+01    0.8677344856E+01    2
    0.5965799918E+01    0.1009696111E+01    0.7661495403E+01    2
    0.1983893720E+01    0.1541031048E+01    0.3541292509E+01    1
    0.6955739657E+01    0.3465862592E+01    0.1680272610E+00    2
    0.1021162621E+01    0.4781779458E+01    0.2349384044E+01    1
    0.2666849172E+01    0.5862729424E+01    0.5081738836E+00    1
    0.3343799945E+01    0.5915591203E+01    0.1300599054E+01    1
    0.3395880457E+00    0.2405249740E+01    0.6642944785E+01    1
    0.6320067196E+01    0.6619989765E+00    0.4928873335E+01    1
    0.5404523019E+01    0.9359921776E+00    0.2779465941E+01    1
    0.4253790905E+01    0.5818249876E+01    0.4761670602E+00    1
    0.1023148286E+01    0.2786687939E+01    0.4455092353E+00    1
    0.5570241032E+01    0.5095102968E+01    0.4702061147E+01    2
    0.6114817694E+01    0.4381811085E+01    0.6246820521E+01    1
    0.5868081839E+01    0.3441557234E+01    0.6300397052E+01    1
    0.5873853248E+01    0.2831451354E+01    0.5392917032E+01    1
    0.5730817557E+01    0.2214216909E+01    0.4562546149E+01    1
    0.3886061269E-01    0.8283611530E+01    0.9053252179E-02    2
    0.3663600416E+01    0.2839004346E+01    0.3426008294E+01    1
    0.3747410397E+01    0.3141314796E+01    0.2005487106E+01    1
    0.3802804561E+01    0.6838338883E+01    0.1653282359E+01    1
    0.1372560585E+01    0.2360242786E+01    0.6363066238E+01    1
    0.5517973728E+01    0.3892203609E+01    0.1558842395E+01    1
    0.2047660062E+01    0.4446041471E+01    0.6807641055E+01    1
    0.1642662643E+01    0.2315550576E+01    0.8732382327E+00    2
    0.2153095121E+01    0.2762885423E+01    0.5989955744E+01    2
    0.5117620000E+01    0.5989242315E+01    0.6465689655E+01    1
    0.6471988362E+01    0.6048109747E+01    0.1438934536E+01    1
    0.2058471850E+01    0.4472857957E+00    0.3925344593E+01    1
    0.3766565780E+01    0.2533449056E+01    0.4364800058E+01    1
    0.2157020156E+01    0.5805168964E+00    0.4944485663E+01    1
    0.2900583659E+00    0.4703171200E+01    0.6822852909E+01    1
    0.2778420888E+01    0.9788105329E+00    0.3834832492E+00    1
    0.1419080030E+01    0.3060879262E+01    0.5295040202E+01    1
    0.3823881678E+01    0.4691582487E+01    0.5039102649E+01    1
    0.9356141160E+00    0.3848111208E+01    0.6160403586E+01    1
    0.7512221278E+01    0.1673497318E+01    0.5349879483E+01    2
    0.3087369669E+01    0.1133192884E+01    0.2822564772E+01    1
    0.6856517119E+01    0.3132561834E+01    0.5853911121E+01    1
    0.7781571200E+00    0.1818411109E+01    0.4261213921E+00    2
    0.8164401381E+00    0.1713716275E+01    0.8328028356E+01    2
    0.1633202897E+01    0.8729870067E+00    0.7931643119E+01    2
    0.3296041380E+01    0.5980608091E+01    0.2388432464E+01    1
    0.3178079732E+01    0.3005364436E+01    0.1163268896E+01    1
    0.4610822971E+01    0.5447632305E+01    0.4320577381E+01    2
    0.1484979200E+01    0.2032362135E+01    0.2528000435E+01    1
    0.2697605733E+01    0.6682567763E+01    0.1291409054E+01    1
    0.5805695091E+01    0.4141908758E+00    0.1124778553E+01    1
    0.1746052169E+01    0.5690923842E+01    0.3401216483E+01    2
    0.4249076804E+01    0.6017812330E+01    0.3037178427E+01    1
    0.4829022086E+01    0.1310286535E+01    0.3621696756E+01    1
    0.2866925104E+01    0.6208147989E+01    0.3329987796E+01    1
    0.8765638787E+01    0.5675169330E+01    0.7401926740E+01    2
    0.5086296116E+01    0.2692182510E+01    0.6213639782E+01    1
    0.6257371290E+01    0.1822095893E+01    0.3468013010E+01    1
    0.4435504934E+01    0.5698089296E+01    0.5397395697E+01    1
    0.5306541805E+01    0.2827786262E+01    0.1540481221E+01    1
    0.5235720147E+01    0.4959034035E+01    0.6122716084E+01    1
    0.8295070131E+01    0.2693179918E+01    0.8454911969E+01    2
    0.6777940282E+01    0.2995268182E+01    0.4217593889E+01    1
    0.1044012489E+01    0.2700353766E+00    0.6801519725E+01    2
    0.2705180106E+01    0.2518773702E+01    0.2443339603E+01    1
    0.6476961575E+00    0.2185413694E+01    0.1815739566E+01    1
    0.6538708299E+01    0.3621315941E+01    0.3120387199E+01    1
    0.3206922480E+01    0.5952527053E+01    0.4555992655E+01    1
    0.3300603984E+01    0.4824935008E+01    0.2020147359E+01    1
    0.4981711997E+01    0.6990109634E+01    0.8404974088E+01    2
    0.6867966329E+01    0.6264611177E+01    0.8350152599E+01    2
    0.8795545277E+01    0.1709022343E+01    0.5417796686E+01    2
    0.5030390660E+01    0.1516442566E+01    0.4699532406E+01    1
    0.8807407386E+00    0.8244757043E+01    0.8086071138E+01    2
    0.6700063206E+01    0.1445768327E+01    0.3988465155E+00    1
    0.7576111210E+00    0.5342120871E+00    0.5526256817E+01    1
    0.8039064879E+01    0.8777694478E-01    0.3639156188E+01    2
    0.7808804481E+00    0.5144207080E+01    0.7872018842E+01    2
    0.1232831910E+01    0.2475644204E+01    0.4042277803E+01    1
    0.4081723350E+01    0.9612298313E+00    0.5714135746E+01    1
    0.8071756385E+01    0.1615135209E+01    0.8076305306E+01    2
    0.1816502432E+01    0.3989737202E+01    0.2871080954E+01    1
    0.1424653439E+01    0.1370800698E+01    0.5713961796E+01    1
    0.3195520146E+00    0.5498239453E+01    0.5974079256E+01    1
    0.5925707187E+01    0.6234124150E+00    0.3892326117E+01    1
    0.1412803679E+01    0.6802490980E+01    0.4733670146E+01    1
    0.1950007857E+01    0.5353540225E+01    0.4058559794E+01    1
    0.3480714129E+01    0.3861274371E+01    0.4212869202E+01    1
    0.4275940409E+01    0.5251627613E+01    0.4141199748E+01    1
    0.6868418613E+01    0.2859900012E+01    0.2790269056E+01    2
    0.3191570220E+01    0.2720151962E+01    0.5357993015E+01    1
    0.6217990332E+00    0.6233808795E+01    0.4057102608E+01    2
    0.2934400621E+01    0.1142624141E+00    0.2314494494E+01    1
    0.3547415298E+01    0.5471140063E+01    0.5929396201E+01    1
    0.5640777107E+01    0.2152108086E+01    0.8886343923E+00    1
    0.2983027944E+01    0.4998797565E+01    0.3995357584E+01    1
    0.5998680595E+01    0.7960026847E+01    0.8106783734E+01    2
    0.6462366568E+01    0.5981458871E+00    0.2228856775E+01    1
    0.5280117715E+01    0.1503189385E+00    0.4496141669E+00    2
    0.6228940523E+01    0.2376474322E+01    0.6270167944E+01    1
    0.4863942331E+01    0.1989440516E+00    0.6816183640E+01    1
    0.1591188659E+00    0.4982111494E+01    0.3087281880E+01    2
    0.1055833176E+01    0.5927967026E+01    0.3862579037E+01    1
    0.1121845388E+01    0.4969501923E+00    0.8419671174E+00    1
    0.4430748798E+01    0.3676330280E+00    0.4767449865E+01    1
    0.5468190494E+01    0.1079125032E+01    0.1910500314E+00    2
    0.1982248357E+01    0.4160133262E+01    0.5826553225E+01    1
    0.4932437830E+01    0.4730890508E+01    0.1256347930E+01    1
    0.4681115910E+01    0.2202696424E+01    0.1991475593E+01    1
    0.3153106799E+01    0.4259081842E+01    0.5710084701E+01    1
    0.6761589834E+01    0.6323473656E+01    0.5374514071E+01    1
    0.2483649806E+01    0.6375983672E+01    0.8595218006E+01    2
    0.2741883723E+01    0.5293499239E+01    0.5373755581E+01    1
    0.5132308467E+01    0.6354706839E+01    0.1311762694E+01    1
    0.2523288296E+01    0.5632872966E+01    0.1826792255E+01    1
    0.5729378972E+01    0.4241021950E+01    0.5281838466E+01    1
    0.6219637693E+01    0.8106528299E+01    0.4548517629E+01    2
    0.6020864359E+01    0.6589331645E+01    0.6161434638E+01    1
    0.7504346571E+01    0.6037395598E+01    0.3258397016E+00    2
    0.1580407588E+01    0.4420855417E+01    0.4730741120E+01    1
    0.6448584547E+01    0.1053866369E+00    0.6898555962E+01    2
    0.2320616414E+00    0.1452344082E+00    0.4840919141E+01    2
    0.5070515771E+01    0.1713850899E+01    0.8309964256E+01    2
    0.6498381808E+01    0.2224464041E+01    0.1537519625E+01    1
    0.1630125449E+01    0.3521459434E+01    0.3935897416E+01    1
    0.3358203478E+01    0.1229012401E+01    0.1466961736E+01    1
    0.5308931515E+01    0.4236315651E+01    0.4132091207E+00    1
    0.4048487097E+01    0.4682031585E+01    0.6539608962E+01    1
    0.6177161680E+00    0.5952672645E+01    0.2670975881E+01    1
    0.3022688264E+01    0.5095391812E+00    0.6359104574E+01    1
    0.5745665709E+01    0.6383543901E+01    0.3367904612E+00    1
    0.5793073306E+01    0.3046701092E+01    0.3806541241E+01    1
    0.6812550717E+01    0.7141868501E+01    0.5338858240E+01    2
    0.4284566344E+01    0.2584134073E+01    0.4740415463E+01    2
    0.4759233628E+01    0.1711431365E+01    0.5700099094E+01    1
    0.5352238366E+01    0.2578839413E+01    0.2103705935E+01    2
    0.5754783113E+01    0.5462937622E+01    0.1033562081E+01    2
    0.6157230402E+01    0.5460520658E+01    0.6186365329E+01    1
    0.4269401153E+01    0.2917833218E+00    0.3101156757E+01    1
    0.5655288129E+01    0.1554990329E+01    0.6708232607E+01    1
    0.1767486875E+01    0.2513274160E+00    0.5858187664E+01    1
    0.5362352644E+01    0.5283699430E+01    0.4461769720E+01    1
    0.6148065115E+01    0.3371643875E+00    0.1086007959E+01    2
    0.4367589624E+01    0.3713428098E+01    0.1059635622E+01    1
    0.2776297646E+01    0.4838987639E+01    0.8891904371E+00    1
    0.9996220572E+00    0.1641300290E+01    0.4543925853E+01    1
    0.6000806434E+01    0.5839288984E+00    0.9331028642E-01    1
    0.6036778218E+01    0.1569823558E+01    0.5593092062E+01    1
    0.3306947082E+01    0.2834437812E+01    0.4636177722E+01    2
    0.2747321353E+01    0.2176411286E+01    0.3700695949E+01    1
    0.4841566441E+01    0.4591509382E+01    0.3026137140E+01    1
    0.1315852441E+00    0.4212081346E+00    0.6615926730E+01    1
    0.4144124281E+01    0.6525355734E+01    0.4117803821E+01    1
    0.2355764115E+01    0.3779692859E+01    0.4929418709E+01    1
    0.1743219760E+01    0.1429939902E+01    0.6669537299E+01    1
    0.5942844162E+01    0.5515740196E+01    0.2387962471E+01    1
    0.3359788967E+01    0.6245640647E+01    0.6621604026E+01    1
    0.2342985255E+01    0.4248140465E+01    0.3732754439E+01    1
    0.4247746762E+01    0.3758867958E+01    0.3617841742E+01    1
    0.8046490492E-01    0.1371348250E+01    0.1615916885E+01    1
    0.3367617585E+01    0.2700995141E+00    0.4624692142E+01    1
    0.8625243201E+01    0.8231752884E+01    0.2904314343E+01    2
    0.1863007291E+00    0.7923774538E+00    0.3986063131E+01    2
    0.2283547716E+01    0.6258938855E+01    0.5079671663E+01    1
    0.6886373235E+00    0.6202458004E+01    0.1381035768E+01    1
    0.8937555591E+00    0.1725400226E+01    0.7131368265E+00    1
    0.5488476911E+01    0.3299638413E+01    0.2811718231E+01    1
    0.1450342041E+01    0.2788981527E+01    0.8737900095E+01    2
    0.2040803296E+01    0.1190779582E+01    0.2535117672E+01    1
    0.4922640155E+01    0.1077264414E+01    0.1066242283E+01    1
    0.4374325540E+01    0.9268232273E+00    0.2063234782E+01    1
    0.5656168158E+01    0.6654607501E+01    0.2471608263E+01    1
    0.8035192021E+01    0.4389805808E+00    0.2633626184E+01    2
    0.3320058630E+01    0.5082060604E+01    0.8083834038E+00    2
    0.3905374896E+01    0.6793910467E+01    0.6704303880E+00    1
    0.6224531076E+01    0.4490848999E+01    0.2279102520E+01    1
    0.9448067616E+00    0.7128772718E+01    0.8178611376E+01    2
    0.5294918626E+01    0.2318256260E+01    0.3013071067E+01    1
    0.5233250063E+01    0.1555170249E+01    0.3156985311E+01    2
    0.5837682867E+00    0.2902156997E+00    0.1766477667E+01    1
    0.7552544936E+00    0.8736408295E+01    0.2081129210E+01    2
    0.7430928568E+00    0.3903381868E+01    0.3223437484E+01    1
    0.2297956303E+01    0.3664057038E+01    0.7115630234E+00    1
    0.7348292220E+01    0.7971915138E+00    0.6420254461E+01    2
    0.3946160778E+00    0.5984515165E+01    0.2079479510E+01    2
    0.6528356290E+01    0.3059743550E+01    0.1002802549E+01    2
    0.5813494186E+01    0.3205235278E+01    0.3977666266E+01    2
    0.6355167502E+01    0.2813419884E+01    0.2683651739E+00    1
    0.3710278186E+01    0.2037281954E+01    0.2107057700E+01    1
    0.3679338598E+01    0.4912158429E+01    0.3184501592E+01    1
    0.1958398078E+01    0.3581456249E+01    0.1057639777E+01    2
    0.7705283785E+01    0.8069869398E+01    0.5603965723E+01    2
    0.5771022131E+01    0.6029302929E+01    0.2505610045E+01    2
    0.5065887276E+01    0.6374606819E+01    0.1672502845E+01    2
    0.1907786801E+01    0.2766943991E+01    0.3153546455E+01    1
    0.4721360067E+01    0.2631756728E+01    0.4869607105E+01    1
    0.3946992924E+01    0.4768281807E+01    0.8391339388E+00    1
    0.2899081861E+00    0.3453212915E+01    0.6843938715E+01    1
    0.4088501721E+01    0.5483974625E+01    0.5698173077E+01    2
    0.4394368239E+01    0.2267315126E+01    0.3491843796E-01    1
    0.5066962813E+01    0.5203540205E+01    0.2502687070E+00    1
    0.6587255714E+01    0.2342135820E+01    0.2617265739E+01    1
    0.6950771908E+01    0.1242744291E+01    0.8273796114E+01    2
    0.6080315021E+01    0.5403239295E+01    0.3525404829E+01    1
    0.4495550136E+01    0.5296880016E+01    0.2303220753E+01    1
    0.2689584327E+01    0.5080977152E+01    0.2925826248E+01    1
    0.2958843221E+01    0.2234534177E+01    0.3178376313E+00    1
    0.3265080599E+01    0.1444607026E+01    0.5070385734E+01    1
    0.9537375354E+00    0.4686835298E+01    0.3791880313E+01    1
    0.1619382789E+01    0.2238251691E+01    0.1284505399E+01    1
    0.9112676513E+00    0.6337858923E+01    0.5983460575E+01    1
    0.2532583182E+01    0.1669962791E+01    0.5980714302E+01    1
    0.6438957724E+01    0.3366175488E+01    0.2070738710E+01    1
    0.8336897628E+00    0.4247429865E+00    0.1046860956E+01    2
    0.1950932412E+00    0.5523794968E+01    0.4463628636E+01    1
    0.6855565343E+01    0.4364691525E+01    0.3897415548E+01    1
    0.3374896250E+00    0.5532140971E+00    0.8621005374E+01    2
    0.5322649185E+01    0.3067120775E+01    0.3368393266E+00    1
    0.2304469339E+01    0.2648682110E+01    0.4521035902E+01    1
    0.6621552898E+00    0.1226300646E+01    0.6706884236E+01    1
    0.6497198179E-02    0.3921177453E+01    0.2086585478E+01    2
    0.8831900576E+01    0.6093898650E+01    0.1064814452E+01    2
