   5.0000000000000001E-003   2.2547006733523462E-002   2.2304109279463646E-002
   1.4999999999999999E-002   2.3768344800792068E-002   2.3979675878410055E-002
   2.5000000000000001E-002   2.6490442961165050E-002   2.6640327181843428E-002
   3.5000000000000003E-002   2.7479069767441862E-002   2.8495962758248585E-002
   4.4999999999999998E-002   3.1895087228800863E-002   3.2422364970162300E-002
   5.5000000000000000E-002   3.6531706646333081E-002   3.6845389284206151E-002
   6.5000000000000002E-002   3.9580226873784943E-002   4.0054031086899998E-002
   7.4999999999999997E-002   4.5309956634650032E-002   4.6063330800771074E-002
   8.5000000000000006E-002   5.1418715715148534E-002   5.2120958645425396E-002
   9.5000000000000001E-002   5.8166248302023799E-002   5.7514416334949470E-002
  0.10500000000000000        6.7022334523757401E-002   6.7940618681001250E-002
  0.11500000000000000        7.6886937238860670E-002   7.6928396738276214E-002
  0.12500000000000000        8.8865804136367924E-002   8.8480298303212163E-002
  0.13500000000000001        9.8321971683272155E-002   9.8764811895985488E-002
  0.14499999999999999       0.11174444840280252       0.11211094107678105     
  0.15500000000000000       0.12615101860878097       0.12649785213655890     
  0.16500000000000001       0.14221087605353555       0.14141502919203969     
  0.17499999999999999       0.15453392398577936       0.15507469078267880     
  0.18500000000000000       0.16722063108454843       0.17060403609063984     
  0.19500000000000001       0.18456026592825739       0.18458823012129169     
  0.20499999999999999       0.19654676615682093       0.19854432122562396     
  0.21500000000000000       0.20874280957646388       0.21244830021184302     
  0.22500000000000001       0.22438957252873060       0.22718417124206158     
  0.23499999999999999       0.23928906690030666       0.23963647356686696     
  0.24500000000000000       0.24984691510746868       0.25389248778270257     
  0.25500000000000000       0.26196558089236105       0.26522240496039623     
  0.26500000000000001       0.27414498475903126       0.27937549282447566     
  0.27500000000000002       0.28655760979892769       0.29132218444592206     
  0.28499999999999998       0.29964296377388533       0.30365083896342815     
  0.29499999999999998       0.31162291977576845       0.31476310774276473     
  0.30499999999999999       0.32048192771084338       0.32591938990955788     
  0.31500000000000000       0.33314119965787808       0.33994737305953893     
  0.32500000000000001       0.34739958821370587       0.35016670119987192     
  0.33500000000000002       0.36039758210257367       0.36181439887696781     
  0.34499999999999997       0.36924588645424561       0.37492080387237386     
  0.35499999999999998       0.38255811040977861       0.38477114452967298     
  0.36499999999999999       0.39262564818508178       0.40011172049563276     
  0.37500000000000000       0.40639175770229796       0.41374566525292100     
  0.38500000000000001       0.41979426082821281       0.42304886026266791     
  0.39500000000000002       0.42615862383544012       0.43204490737539525     
  0.40500000000000003       0.44115137131787291       0.44513145359218154     
  0.41499999999999998       0.45051094343393966       0.45465445756369077     
  0.42499999999999999       0.45917713047754821       0.46689764541789536     
  0.43500000000000000       0.47127435704841303       0.48159635148536739     
  0.44500000000000001       0.48001446690695038       0.48974602224613367     
  0.45500000000000002       0.49469870398977583       0.50289083013532621     
  0.46500000000000002       0.50397534476854589       0.51041620593568937     
  0.47499999999999998       0.51732631486818492       0.52078148489710319     
  0.48499999999999999       0.52871423947414287       0.53295965397880241     
  0.49500000000000000       0.53632830716617441       0.54830698062412320     
  0.50500000000000000       0.55105549061404113       0.55487532200870449     
  0.51500000000000001       0.56038019693654262       0.56576925015117918     
  0.52500000000000002       0.56872005729243835       0.57944101487358080     
  0.53500000000000003       0.57822633852435545       0.58923224604743707     
  0.54500000000000004       0.58895942005558211       0.60020479627827006     
  0.55500000000000005       0.59983705656997865       0.60917889911145540     
  0.56499999999999995       0.61465023976761946       0.61891903827591210     
  0.57499999999999996       0.62049996210494407       0.62942011198895453     
  0.58499999999999996       0.63370087008700871       0.63976588904459653     
  0.59499999999999997       0.64034310114491899       0.64851338302397643     
  0.60499999999999998       0.65080642645453124       0.66006711622271419     
  0.61499999999999999       0.65799552845781617       0.67280880606210736     
  0.62500000000000000       0.66737418134916160       0.67848960113419154     
  0.63500000000000001       0.68011788285391395       0.68542668591202183     
  0.64500000000000002       0.68526891069432372       0.69694939253340749     
  0.65500000000000003       0.69916230955191994       0.70624168647203822     
  0.66500000000000004       0.70471624290451995       0.71439182214165220     
  0.67500000000000004       0.71517624954895542       0.72267911948020847     
  0.68500000000000005       0.72204590837104776       0.73466630297571089     
  0.69499999999999995       0.73114234557965729       0.74146137681342883     
  0.70499999999999996       0.73912606730286290       0.74885896850753075     
  0.71499999999999997       0.74767451969051557       0.75925867458087326     
  0.72499999999999998       0.75585077864917771       0.76466159229099839     
  0.73499999999999999       0.76446177847113883       0.77342148551183099     
  0.74500000000000000       0.76933593871932382       0.78195655199463543     
  0.75500000000000000       0.77795079805603340       0.78724339055575365     
  0.76500000000000001       0.78456107143524256       0.79613910359397333     
  0.77500000000000002       0.79340763398725389       0.80451612903225811     
  0.78500000000000003       0.79849532457908656       0.81273797603178755     
  0.79500000000000004       0.80481256586540872       0.81966585161871075     
  0.80500000000000005       0.81234779133518997       0.82546894062627085     
  0.81499999999999995       0.81639444569316455       0.83076541545583460     
  0.82499999999999996       0.82467858262778304       0.83618292535489991     
  0.83499999999999996       0.83029684993346686       0.84370952967560564     
  0.84499999999999997       0.83647341784837403       0.84574238578680205     
  0.85499999999999998       0.84157684555776713       0.85189574210556329     
  0.86499999999999999       0.84634519471150860       0.85740692840063848     
  0.87500000000000000       0.84844553121413246       0.86185692233722200     
  0.88500000000000001       0.85374955239070482       0.86760257801033758     
  0.89500000000000002       0.85630281601845581       0.87201616450056407     
  0.90500000000000003       0.86203574868885802       0.87404675145659572     
  0.91500000000000004       0.86221605123586509       0.87603667351441827     
  0.92500000000000004       0.86649491304973147       0.87815355676719919     
  0.93500000000000005       0.86640649958344029       0.88133876823132284     
  0.94499999999999995       0.86894893018897390       0.88439878234398783     
  0.95499999999999996       0.87020358265555608       0.88418508112486394     
  0.96499999999999997       0.87085419909847395       0.88525682942158623     
  0.97499999999999998       0.87139770587012533       0.88667413213885782     
  0.98499999999999999       0.87188723179783623       0.88474638857586696     
  0.99500000000000000       0.87178781261536342       0.88593780733089267     
