         0.500000000000000E-02         0.100091829360569E-01         0.392510310955104E-02
         0.150000000000000E-01         0.995399526809803E-02         0.383338520095130E-02
         0.250000000000000E-01         0.987691574141864E-02         0.367466780684254E-02
         0.350000000000000E-01         0.100925738390270E-01         0.360950547016875E-02
         0.450000000000000E-01         0.998051391681761E-02         0.339079264314775E-02
         0.550000000000000E-01         0.999985172535406E-02         0.321645637111035E-02
         0.650000000000000E-01         0.987934558247521E-02         0.299400332184077E-02
         0.750000000000000E-01         0.100052082439772E-01         0.281519823385915E-02
         0.850000000000000E-01         0.999624966065678E-02         0.259033849569949E-02
         0.950000000000000E-01         0.993433141060192E-02         0.237116414172019E-02
         0.105000000000000E+00         0.997250242809436E-02         0.218549544240662E-02
         0.115000000000000E+00         0.999934712577362E-02         0.199239007466935E-02
         0.125000000000000E+00         0.991515662654531E-02         0.182104177789044E-02
         0.135000000000000E+00         0.998684081924925E-02         0.168020141204982E-02
         0.145000000000000E+00         0.999218957480188E-02         0.154065851162778E-02
         0.155000000000000E+00         0.100187625650147E-01         0.144206654810513E-02
         0.165000000000000E+00         0.997750184547593E-02         0.134276734990393E-02
         0.175000000000000E+00         0.997911656413333E-02         0.126985250701920E-02
         0.185000000000000E+00         0.100513286456291E-01         0.122685673381540E-02
         0.195000000000000E+00         0.992545045798622E-02         0.116758332602769E-02
         0.205000000000000E+00         0.100830718407738E-01         0.115794199566284E-02
         0.215000000000000E+00         0.100636020600394E-01         0.114194633084013E-02
         0.225000000000000E+00         0.997601133594602E-02         0.112544118047916E-02
         0.235000000000000E+00         0.995911889460708E-02         0.112236998584308E-02
         0.245000000000000E+00         0.100672351770186E-01         0.113477013594191E-02
         0.255000000000000E+00         0.100759142898021E-01         0.114212132052516E-02
         0.265000000000000E+00         0.100746100939634E-01         0.115464888919550E-02
         0.275000000000000E+00         0.100641920533950E-01         0.117208221792789E-02
         0.285000000000000E+00         0.100017070991960E-01         0.119266503562802E-02
         0.295000000000000E+00         0.997255676958764E-02         0.120946423698218E-02
         0.305000000000000E+00         0.100521903464511E-01         0.124437287824943E-02
         0.315000000000000E+00         0.100538671696722E-01         0.127793878688601E-02
         0.325000000000000E+00         0.100313232130324E-01         0.130845588687386E-02
         0.335000000000000E+00         0.999003920428217E-02         0.134937949006349E-02
         0.345000000000000E+00         0.997355044260758E-02         0.138450148728336E-02
         0.355000000000000E+00         0.997248690195343E-02         0.142768607781442E-02
         0.365000000000000E+00         0.100267197122447E-01         0.148352984032375E-02
         0.375000000000000E+00         0.100271622072614E-01         0.153989998979605E-02
         0.385000000000000E+00         0.996307806054589E-02         0.158826772998584E-02
         0.395000000000000E+00         0.100315095267236E-01         0.166079023122233E-02
         0.405000000000000E+00         0.100014742070819E-01         0.172236477235857E-02
         0.415000000000000E+00         0.999895897225021E-02         0.179281180677313E-02
         0.425000000000000E+00         0.100186150666758E-01         0.186535322056398E-02
         0.435000000000000E+00         0.100180250733203E-01         0.194772534784032E-02
         0.445000000000000E+00         0.100186383558873E-01         0.203771299554744E-02
         0.455000000000000E+00         0.100541388771386E-01         0.213107103208774E-02
         0.465000000000000E+00         0.100216814795108E-01         0.222331154804825E-02
         0.475000000000000E+00         0.997240150817828E-02         0.232266271331481E-02
         0.485000000000000E+00         0.100502806311159E-01         0.245141496156025E-02
         0.495000000000000E+00         0.100286139014390E-01         0.256115862261616E-02
         0.505000000000000E+00         0.995872297801320E-02         0.267522688943704E-02
         0.515000000000000E+00         0.100160765426327E-01         0.283318640823649E-02
         0.525000000000000E+00         0.100805333167307E-01         0.298921996522024E-02
         0.535000000000000E+00         0.100253068334195E-01         0.313240634800523E-02
         0.545000000000000E+00         0.100504203663843E-01         0.331032669143222E-02
         0.555000000000000E+00         0.100380227428465E-01         0.348729768389180E-02
         0.565000000000000E+00         0.100070403286077E-01         0.366613640634146E-02
         0.575000000000000E+00         0.993287195335388E-02         0.385791576656714E-02
         0.585000000000000E+00         0.998670108398082E-02         0.408404274145992E-02
         0.595000000000000E+00         0.100178853380518E-01         0.435353328138577E-02
         0.605000000000000E+00         0.999729767517000E-02         0.458351317099719E-02
         0.615000000000000E+00         0.999584598099243E-02         0.485189383258687E-02
         0.625000000000000E+00         0.998482242092750E-02         0.513412058278855E-02
         0.635000000000000E+00         0.100094391173824E-01         0.545566277953894E-02
         0.645000000000000E+00         0.100349563300115E-01         0.579682459311804E-02
         0.655000000000000E+00         0.999411481627801E-02         0.613398896942413E-02
         0.665000000000000E+00         0.100475247410997E-01         0.653045272450059E-02
         0.675000000000000E+00         0.100094313543119E-01         0.693880024209256E-02
         0.685000000000000E+00         0.100247711815572E-01         0.737517951912825E-02
         0.695000000000000E+00         0.999574506107635E-02         0.784654904546677E-02
         0.705000000000000E+00         0.997799868198590E-02         0.831761499865492E-02
         0.715000000000000E+00         0.100493180103778E-01         0.892061342995131E-02
         0.725000000000000E+00         0.999431665611018E-02         0.945941287321617E-02
         0.735000000000000E+00         0.100068928302688E-01         0.100997111131966E-01
         0.745000000000000E+00         0.100135069663077E-01         0.108064561122245E-01
         0.755000000000000E+00         0.994122501717773E-02         0.114686697586194E-01
         0.765000000000000E+00         0.100122571119623E-01         0.122681707638637E-01
         0.775000000000000E+00         0.100069626979030E-01         0.131449728961836E-01
         0.785000000000000E+00         0.997471490317782E-02         0.140427208023859E-01
         0.795000000000000E+00         0.994584404410635E-02         0.149777199852736E-01
         0.805000000000000E+00         0.100138951198311E-01         0.161174660213327E-01
         0.815000000000000E+00         0.998109614710273E-02         0.171939108401454E-01
         0.825000000000000E+00         0.998618095825944E-02         0.184964773622847E-01
         0.835000000000000E+00         0.999962659631048E-02         0.198384617506368E-01
         0.845000000000000E+00         0.996774366589732E-02         0.212814493442607E-01
         0.855000000000000E+00         0.997188138245690E-02         0.228468073913737E-01
         0.865000000000000E+00         0.100325575412368E-01         0.246557934570731E-01
         0.875000000000000E+00         0.100141668272975E-01         0.264309430396544E-01
         0.885000000000000E+00         0.100018157821825E-01         0.284267531597853E-01
         0.895000000000000E+00         0.999640492206615E-02         0.304074730992555E-01
         0.905000000000000E+00         0.993116407785087E-02         0.327050353220522E-01
         0.915000000000000E+00         0.997214532685283E-02         0.351577837002549E-01
         0.925000000000000E+00         0.998344835745462E-02         0.380604335166112E-01
         0.935000000000000E+00         0.997935721931784E-02         0.410239471615819E-01
         0.945000000000000E+00         0.100112789650833E-01         0.442898158638093E-01
         0.955000000000000E+00         0.999355587520430E-02         0.477176632737330E-01
         0.965000000000000E+00         0.999776345939809E-02         0.514803891671073E-01
         0.975000000000000E+00         0.991428716265286E-02         0.553794169861413E-01
         0.985000000000000E+00         0.996914101858161E-02         0.601176332437888E-01
         0.995000000000000E+00         0.996278306386810E-02         0.648666166972870E-01
