         0.500000000000000E-02         0.100709668393345E-01         0.825533685699963E-02
         0.150000000000000E-01         0.998862923139219E-02         0.819692496128868E-02
         0.250000000000000E-01         0.100099725234605E-01         0.820074487989483E-02
         0.350000000000000E-01         0.100883623301433E-01         0.822759321591240E-02
         0.450000000000000E-01         0.100183871596113E-01         0.813859872451403E-02
         0.550000000000000E-01         0.100141562490981E-01         0.812890493865541E-02
         0.650000000000000E-01         0.100051282095644E-01         0.807543324641242E-02
         0.750000000000000E-01         0.100651080506127E-01         0.809908733219108E-02
         0.850000000000000E-01         0.999517220081034E-02         0.800519734744305E-02
         0.950000000000000E-01         0.100274151991449E-01         0.800297489181489E-02
         0.105000000000000E+00         0.100415627976825E-01         0.801773234201941E-02
         0.115000000000000E+00         0.100596975182092E-01         0.800533624857659E-02
         0.125000000000000E+00         0.100614826793365E-01         0.800770003991353E-02
         0.135000000000000E+00         0.100483416914787E-01         0.798801672934958E-02
         0.145000000000000E+00         0.100286970549324E-01         0.796968445792821E-02
         0.155000000000000E+00         0.100359006126091E-01         0.800340306678707E-02
         0.165000000000000E+00         0.100727598646077E-01         0.801002459362582E-02
         0.175000000000000E+00         0.998845622018162E-02         0.795744684875418E-02
         0.185000000000000E+00         0.100572832254071E-01         0.801812246856538E-02
         0.195000000000000E+00         0.100487113063377E-01         0.803117346355134E-02
         0.205000000000000E+00         0.100535792126716E-01         0.810581750310862E-02
         0.215000000000000E+00         0.100323145620626E-01         0.807960831887302E-02
         0.225000000000000E+00         0.100088086298621E-01         0.807887230932676E-02
         0.235000000000000E+00         0.100332975803045E-01         0.811877037077231E-02
         0.245000000000000E+00         0.100131732308562E-01         0.814828655668499E-02
         0.255000000000000E+00         0.100276904442527E-01         0.820103963625597E-02
         0.265000000000000E+00         0.100076997852852E-01         0.820440582295611E-02
         0.275000000000000E+00         0.100429626156590E-01         0.826690303484890E-02
         0.285000000000000E+00         0.998058421010041E-02         0.826982246886520E-02
         0.295000000000000E+00         0.998429608698186E-02         0.828671422823737E-02
         0.305000000000000E+00         0.100262277131087E-01         0.837040744119496E-02
         0.315000000000000E+00         0.100465722586433E-01         0.841333264576913E-02
         0.325000000000000E+00         0.100326212637541E-01         0.846156769468273E-02
         0.335000000000000E+00         0.101037210071549E-01         0.856372300546175E-02
         0.345000000000000E+00         0.995761303982349E-02         0.850841851255599E-02
         0.355000000000000E+00         0.100433243663720E-01         0.858907246598063E-02
         0.365000000000000E+00         0.996061714357076E-02         0.860421680637732E-02
         0.375000000000000E+00         0.999075255079472E-02         0.866098585623877E-02
         0.385000000000000E+00         0.100078020191824E-01         0.872559963339490E-02
         0.395000000000000E+00         0.100146516902920E-01         0.877759098280370E-02
         0.405000000000000E+00         0.100374341210665E-01         0.885281343398477E-02
         0.415000000000000E+00         0.100127092462460E-01         0.888045843153917E-02
         0.425000000000000E+00         0.997264142270579E-02         0.892243135599694E-02
         0.435000000000000E+00         0.100048451003107E-01         0.898267783209076E-02
         0.445000000000000E+00         0.997045519013578E-02         0.901211958507172E-02
         0.455000000000000E+00         0.100109162209727E-01         0.912265308259053E-02
         0.465000000000000E+00         0.100074088118856E-01         0.914228637636638E-02
         0.475000000000000E+00         0.100152336370912E-01         0.917706705528157E-02
         0.485000000000000E+00         0.100284689947003E-01         0.929096411687509E-02
         0.495000000000000E+00         0.999459025401113E-02         0.930985052728052E-02
         0.505000000000000E+00         0.100212339804398E-01         0.939651334538714E-02
         0.515000000000000E+00         0.100421054237520E-01         0.950200194494834E-02
         0.525000000000000E+00         0.100505200599028E-01         0.955934988875794E-02
         0.535000000000000E+00         0.997577921693396E-02         0.956452380565551E-02
         0.545000000000000E+00         0.999635182270063E-02         0.966153319971249E-02
         0.555000000000000E+00         0.100176872506230E-01         0.974520319353295E-02
         0.565000000000000E+00         0.100132518723155E-01         0.978402213099357E-02
         0.575000000000000E+00         0.991950338862116E-02         0.983726428444731E-02
         0.585000000000000E+00         0.100281544288629E-01         0.998740199203590E-02
         0.595000000000000E+00         0.100210137843536E-01         0.100564153020541E-01
         0.605000000000000E+00         0.995585933527992E-02         0.100408989047276E-01
         0.615000000000000E+00         0.996902391557556E-02         0.101637383753304E-01
         0.625000000000000E+00         0.998294345388099E-02         0.102246591110989E-01
         0.635000000000000E+00         0.100025487696976E-01         0.103319222779935E-01
         0.645000000000000E+00         0.100026510035948E-01         0.104584859640819E-01
         0.655000000000000E+00         0.100135113891314E-01         0.105160087457127E-01
         0.665000000000000E+00         0.100246234273379E-01         0.106496114292259E-01
         0.675000000000000E+00         0.100258580982498E-01         0.107193520388033E-01
         0.685000000000000E+00         0.995183289256106E-02         0.107459646869577E-01
         0.695000000000000E+00         0.997828787948731E-02         0.108505982849272E-01
         0.705000000000000E+00         0.999635182270063E-02         0.109578142811704E-01
         0.715000000000000E+00         0.100210452409374E-01         0.111014814982722E-01
         0.725000000000000E+00         0.100045462627652E-01         0.111457686179975E-01
         0.735000000000000E+00         0.100224607872057E-01         0.112797274186548E-01
         0.745000000000000E+00         0.996578388745023E-02         0.113630432071228E-01
         0.755000000000000E+00         0.996524912552663E-02         0.114409492979498E-01
         0.765000000000000E+00         0.100103814590492E-01         0.115603578155250E-01
         0.775000000000000E+00         0.100207857241215E-01         0.116817244749276E-01
         0.785000000000000E+00         0.992160311558588E-02         0.117170364164335E-01
         0.795000000000000E+00         0.993437448858476E-02         0.118223300287749E-01
         0.805000000000000E+00         0.995081055358948E-02         0.119651382543637E-01
         0.815000000000000E+00         0.993869190470322E-02         0.120767860481618E-01
         0.825000000000000E+00         0.991369178477500E-02         0.121675995562698E-01
         0.835000000000000E+00         0.999349713772612E-02         0.123759763213418E-01
         0.845000000000000E+00         0.100034295540424E-01         0.125265929799354E-01
         0.855000000000000E+00         0.995726701740233E-02         0.126252509655114E-01
         0.865000000000000E+00         0.999895485500520E-02         0.127565036933990E-01
         0.875000000000000E+00         0.997530736817784E-02         0.128683535303776E-01
         0.885000000000000E+00         0.990108555884076E-02         0.129237445263797E-01
         0.895000000000000E+00         0.992376575571808E-02         0.130566781816885E-01
         0.905000000000000E+00         0.990641744978487E-02         0.132297582687826E-01
         0.915000000000000E+00         0.100038935386526E-01         0.134391516769490E-01
         0.925000000000000E+00         0.996874080632189E-02         0.135689066254313E-01
         0.935000000000000E+00         0.993530245780512E-02         0.136834835999703E-01
         0.945000000000000E+00         0.995342931418592E-02         0.138591595845206E-01
         0.955000000000000E+00         0.996625573620635E-02         0.140125235359037E-01
         0.965000000000000E+00         0.995174638695577E-02         0.141353817314825E-01
         0.975000000000000E+00         0.991285818530586E-02         0.143084258415526E-01
         0.985000000000000E+00         0.995307542761883E-02         0.145183975795493E-01
         0.995000000000000E+00         0.988725252614062E-02         0.145685717895524E-01
