   5.0000000000000001E-003  0.95333521144395406       0.95694062749586517     
   1.4999999999999999E-002  0.94564074803769138       0.94984987832242973     
   2.5000000000000001E-002  0.92943062847800795       0.93707545612676324     
   3.5000000000000003E-002  0.90967982129560687       0.91611432141183824     
   4.4999999999999998E-002  0.88906347815199704       0.89605175950765348     
   5.5000000000000000E-002  0.85797902609543941       0.86893971999291120     
   6.5000000000000002E-002  0.83487912518072827       0.83545040854171804     
   7.4999999999999997E-002  0.80054655083800286       0.80374061381847506     
   8.5000000000000006E-002  0.75927606340703280       0.76713167529352355     
   9.5000000000000001E-002  0.71987108330390026       0.72396721352883975     
  0.10500000000000000       0.67638623922991559       0.68026233211999498     
  0.11500000000000000       0.62969210776228324       0.63298053083980421     
  0.12500000000000000       0.58210633433000825       0.58307411372079843     
  0.13500000000000001       0.52671093525718637       0.53147472345377611     
  0.14499999999999999       0.47551191549013716       0.47996877105278068     
  0.15500000000000000       0.42378691819047204       0.42859569328325814     
  0.16500000000000001       0.37681213827623966       0.37862184831805817     
  0.17499999999999999       0.33013754171474907       0.33705327487710907     
  0.18500000000000000       0.29305631492618917       0.29592516690345372     
  0.19500000000000001       0.26085420478203269       0.26240462836642919     
  0.20499999999999999       0.23390235300668841       0.23355732412343269     
  0.21500000000000000       0.20710707673636697       0.21069548316486669     
  0.22500000000000001       0.18909398072831937       0.19043113508058157     
  0.23499999999999999       0.17268683554686268       0.17394504416094211     
  0.24500000000000000       0.15774270731314233       0.16051108510705589     
  0.25500000000000000       0.14605289198951066       0.14852725475754314     
  0.26500000000000001       0.13756965041386929       0.13854581484730488     
  0.27500000000000002       0.12778235268622801       0.12879577184640739     
  0.28499999999999998       0.12003130870381966       0.12173576673811305     
  0.29499999999999998       0.11201390370305304       0.11401796669866680     
  0.30499999999999999       0.10513702457377722       0.10683022164128925     
  0.31500000000000000       0.10010536101642392       0.10142797935269959     
  0.32500000000000001        9.5222032744285992E-002   9.5082732768739506E-002
  0.33500000000000002        9.0834594838047816E-002   9.2455658256307763E-002
  0.34499999999999997        8.5616288037923483E-002   8.7312466681897793E-002
  0.35499999999999998        8.2221249452817211E-002   8.3433687462564229E-002
  0.36499999999999999        7.8802593015746852E-002   7.9066370276278178E-002
  0.37500000000000000        7.5252559961514670E-002   7.5959501714746816E-002
  0.38500000000000001        7.1668665966911585E-002   7.3039735393640046E-002
  0.39500000000000002        6.8640060643341355E-002   6.9224111243784872E-002
  0.40500000000000003        6.6826252992243609E-002   6.7187362436956818E-002
  0.41499999999999998        6.3765188496331074E-002   6.4362110885750640E-002
  0.42499999999999999        6.1727472089314193E-002   6.3469550571757821E-002
  0.43500000000000000        6.0148496287592813E-002   5.9970860255922971E-002
  0.44500000000000001        5.5973784979736735E-002   5.8214346717614239E-002
  0.45500000000000002        5.5190914115039028E-002   5.5806127161048311E-002
  0.46500000000000002        5.3578084234066341E-002   5.4056792562758062E-002
  0.47499999999999998        5.2123359449074307E-002   5.2568230942283335E-002
  0.48499999999999999        4.9916279069767443E-002   5.0838157944526431E-002
  0.49500000000000000        4.8177180540002487E-002   4.9597252061270920E-002
  0.50500000000000000        4.7411433856142535E-002   4.7490627264421409E-002
  0.51500000000000001        4.6672611957518192E-002   4.5770874569775209E-002
  0.52500000000000002        4.5305225198522966E-002   4.5948445630084496E-002
  0.53500000000000003        4.2270433716799297E-002   4.4304885893900116E-002
  0.54500000000000004        4.1808709475109132E-002   4.3313597515559313E-002
  0.55500000000000005        4.0407121513944225E-002   4.1636741636741637E-002
  0.56499999999999995        3.9721853561881973E-002   4.0676532235662519E-002
  0.57499999999999996        3.8898983357748676E-002   3.9673012061967647E-002
  0.58499999999999996        3.8453832861686410E-002   3.8385467189055042E-002
  0.59499999999999997        3.7334077657858823E-002   3.7580016303420560E-002
  0.60499999999999998        3.5613157533648507E-002   3.6877567998374265E-002
  0.61499999999999999        3.5751059302202223E-002   3.6525516568830463E-002
  0.62500000000000000        3.5120436089662831E-002   3.5618968112422371E-002
  0.63500000000000001        3.3891341023837243E-002   3.4600938373401793E-002
  0.64500000000000002        3.2770278668555947E-002   3.3249944583425693E-002
  0.65500000000000003        3.2763987798843770E-002   3.3100017133827889E-002
  0.66500000000000004        3.1826044902438573E-002   3.3135655575330318E-002
  0.67500000000000004        3.1254085755732512E-002   3.2407553954557251E-002
  0.68500000000000005        3.1323899020663869E-002   3.1456732694030848E-002
  0.69499999999999995        3.0465410697050603E-002   3.0148343986421258E-002
  0.70499999999999996        2.9497177333550301E-002   2.9621541102807514E-002
  0.71499999999999997        2.8669242007775549E-002   2.9476485015857402E-002
  0.72499999999999998        2.9467163105034260E-002   2.9119587472510807E-002
  0.73499999999999999        2.7898244625926969E-002   2.9002108443213645E-002
  0.74500000000000000        2.7978046650866908E-002   2.9139022440979843E-002
  0.75500000000000000        2.8234108868809622E-002   2.7783068581514355E-002
  0.76500000000000001        2.7364270473290826E-002   2.7471277442839268E-002
  0.77500000000000002        2.6712957470324140E-002   2.6850613755473735E-002
  0.78500000000000003        2.6260661379619930E-002   2.6607566963435234E-002
  0.79500000000000004        2.5631206920363091E-002   2.6399693916592273E-002
  0.80500000000000005        2.4929606483071218E-002   2.5186211454864375E-002
  0.81499999999999995        2.4362581380922243E-002   2.4881441267338818E-002
  0.82499999999999996        2.4630325814536339E-002   2.4675125737190124E-002
  0.83499999999999996        2.4137823608212094E-002   2.4712145285132835E-002
  0.84499999999999997        2.4207189485158688E-002   2.4198132871814954E-002
  0.85499999999999998        2.4015977261201926E-002   2.4741366195040318E-002
  0.86499999999999999        2.3675128413252124E-002   2.4633923123856011E-002
  0.87500000000000000        2.3136246786632390E-002   2.3370147871375375E-002
  0.88500000000000001        2.2723578760486602E-002   2.4275805793553651E-002
  0.89500000000000002        2.2505893064268701E-002   2.3058020651634179E-002
  0.90500000000000003        2.2464428181047210E-002   2.2567338024751273E-002
  0.91500000000000004        2.3199413434603598E-002   2.1527935283889015E-002
  0.92500000000000004        2.2636276757215940E-002   2.2927499699155737E-002
  0.93500000000000005        2.1333100048115075E-002   2.1733750452125465E-002
  0.94499999999999995        2.1476676701530056E-002   2.1818481911037472E-002
  0.95499999999999996        2.1419387211089158E-002   2.1630215162052432E-002
  0.96499999999999997        2.0867235811030720E-002   2.1147269508720947E-002
  0.97499999999999998        2.0980612851415781E-002   2.1142161269549806E-002
  0.98499999999999999        2.0319266794239097E-002   2.0417775175345917E-002
  0.99500000000000000        2.0649949144241998E-002   2.0916703957041489E-002
