   6.65409295963181        15.3426707506420     
         256
    0.1338423705E+02    0.6800159090E+01    0.1261701082E+02    2
    0.2308630487E+01    0.2432683787E+01    0.6529003053E+01    1
    0.8894708560E+00    0.4533630481E+01    0.3892915892E+01    1
    0.4689885179E+00    0.5854053278E+01    0.6545546724E+01    1
    0.1101476568E+01    0.4775057443E+01    0.4960547166E+01    1
    0.2661164109E+01    0.4854663487E+01    0.1583406374E+01    1
    0.9644372413E+01    0.3598767072E+01    0.1324900609E+02    2
    0.4362596959E+01    0.2889684128E+01    0.7083722214E+00    1
    0.4797060117E+01    0.2698035527E+01    0.3951119138E+01    1
    0.3871402159E+00    0.1521095814E+01    0.1895907092E+01    1
    0.6410540502E+01    0.6385812835E+01    0.4101655788E+01    1
    0.6342182549E+01    0.1757049855E+00    0.1514559633E+01    1
    0.2561440530E+01    0.1777839451E+01    0.4853028457E+01    1
    0.2717196463E+01    0.2506954591E+01    0.5582377541E+01    1
    0.3334245900E+01    0.5463245964E+00    0.6849280493E+00    1
    0.5017383565E+01    0.2695336843E+01    0.1455357366E+01    1
    0.5760998789E+01    0.5576145892E+00    0.4743712254E+01    1
    0.3003188400E+01    0.1832055535E+01    0.3275552400E+01    1
    0.4773444608E+01    0.3966517589E+01    0.9880535873E+00    1
    0.5238427968E+01    0.3259918139E+01    0.4806714453E+01    1
    0.5138766157E+01    0.3179258968E+01    0.2610356071E+01    1
    0.4466610915E+01    0.1375701289E+02    0.1119684255E+02    2
    0.6573478940E+00    0.2686047687E+01    0.5813527913E+01    1
    0.5544690770E+01    0.4761074094E+00    0.6240205947E+01    1
    0.1515036031E+01    0.2167521692E+01    0.1000566871E+01    1
    0.3214325924E+00    0.5348397785E-01    0.5995136859E+00    1
    0.3532706045E+01    0.4814825534E+01    0.2711462764E+01    1
    0.4248179224E+01    0.5651393257E+00    0.3418216504E+01    1
    0.2666522953E+01    0.6364055373E+01    0.1117097019E+01    1
    0.2006086899E+00    0.4313564336E+01    0.5530300616E+01    1
    0.1809404045E+01    0.2856438210E+01    0.4700269568E+01    1
    0.2734360269E+01    0.5770482170E+01    0.4306173734E+01    1
    0.3238406825E+01    0.2399381113E+01    0.2459995525E+00    1
    0.1081983876E+01    0.1290831164E+01    0.4090218819E+01    1
    0.2799401955E+01    0.3895893185E+01    0.2456852926E+01    1
    0.1072294669E+01    0.1358302278E+02    0.3596017964E+01    2
    0.2207512978E+00    0.1831486223E+01    0.4384260650E+01    1
    0.2175730343E+01    0.6627579314E+01    0.5811836953E+01    1
    0.3219876361E+01    0.1657894384E+01    0.1123833145E+01    1
    0.4894453201E+01    0.2605674974E+00    0.4378301941E+01    1
    0.6303498779E+01    0.2769446940E+01    0.1751381936E+01    1
    0.8169070805E+00    0.9767993536E+00    0.1076570176E+01    1
    0.1332682152E+01    0.2874957570E+01    0.5158031384E-01    1
    0.1701413600E+01    0.5500685717E+01    0.2842394916E+01    1
    0.5040029632E+01    0.1802205441E+01    0.3349079921E+01    1
    0.3651272376E+01    0.2781312192E+01    0.3636096431E+01    1
    0.1584850736E+01    0.1328990940E+01    0.3673414876E+00    1
    0.3387056869E+00    0.2139542751E+01    0.1023938100E+01    1
    0.5845558524E+01    0.2531433784E+01    0.3612343751E+01    1
    0.5054663001E+01    0.1238242129E+01    0.5364247577E+01    1
    0.3183006808E+01    0.4967724294E+00    0.6145509885E+01    1
    0.7429185032E+00    0.2637502059E+00    0.4266265629E+01    1
    0.4165244663E+01    0.8175735667E+00    0.5777920592E+01    1
    0.6086820588E+01    0.1264897884E+01    0.5539332539E+01    1
    0.3413423227E+01    0.6563492467E+01    0.3925855706E+01    1
    0.3291887720E+01    0.7961797333E+00    0.2975509029E+01    1
    0.5575287472E+01    0.3254274542E+01    0.7849338761E+00    1
    0.7742830096E+00    0.3387712973E+01    0.1978572455E+01    1
    0.3048189308E+01    0.5816348867E+01    0.5698914918E+01    1
    0.2053661736E+01    0.3484163607E+01    0.3536161878E+01    1
    0.1207399697E+01    0.2344456882E+01    0.3810456185E+01    1
    0.5073386844E+01    0.9086808064E+00    0.7175883497E+00    1
    0.1533229333E+01    0.6487859230E+01    0.2423309670E+01    1
    0.4992838114E+01    0.4940416178E+01    0.4668294556E+01    1
    0.1110889484E+01    0.3656327010E+01    0.5114680480E+01    1
    0.1262799140E+02    0.1481643007E+02    0.1533311023E+02    2
    0.6526676434E+01    0.3918331807E+01    0.5537793408E+00    1
    0.2328095951E+01    0.3384035298E+00    0.3437272801E+01    1
    0.3613244532E+01    0.1498983515E+01    0.4913594088E+01    1
    0.5636928758E+00    0.4346703605E+00    0.2021613964E+01    1
    0.2100593283E+01    0.5168469901E+01    0.5049765331E+01    1
    0.4164563247E+01    0.4567971502E+01    0.3431722815E+01    1
    0.4177995866E+01    0.4870167541E+01    0.7689324742E+00    1
    0.3373725092E+01    0.3090173361E+01    0.9503711485E+00    1
    0.1227474868E+01    0.1946795095E+01    0.4946703363E+01    1
    0.5245907795E+01    0.4342524618E+00    0.1643494465E+01    1
    0.3446329968E+01    0.3248842482E+01    0.6192375147E+01    1
    0.5943711268E+01    0.4555840917E+01    0.4029565483E+01    1
    0.2398625649E+01    0.4551750654E+01    0.3186217146E+01    1
    0.4523787025E+01    0.2352113715E+01    0.4861844023E+01    1
    0.1090812710E+01    0.3428666199E+01    0.3919442398E+01    1
    0.5870364807E+01    0.3503239354E+01    0.3957682772E+01    1
    0.4577711623E+01    0.6375154826E+01    0.2370088694E+01    1
    0.5312718448E+01    0.6404957114E+01    0.3382081189E+01    1
    0.4739905340E+01    0.4713353431E+01    0.6472357445E+01    1
    0.5485091028E+01    0.5796766261E+01    0.4282421940E+01    1
    0.5508515138E+01    0.1715410476E+01    0.1276513958E+01    1
    0.3466430356E+00    0.5452469170E+01    0.5455191126E+01    1
    0.2548973047E+01    0.3392855381E+01    0.3472707133E+00    1
    0.6410918599E+01    0.1141375722E+01    0.9241550786E+00    1
    0.2524607590E+00    0.2697044405E+01    0.3654660757E+01    1
    0.2531699766E+01    0.8449427637E+00    0.5313720524E+01    1
    0.1826654694E+00    0.3917661496E+01    0.4346872898E+01    1
    0.1883150820E+01    0.4135633931E+01    0.4365843334E+01    1
    0.3083399765E+01    0.4802009542E+01    0.5230221037E+01    1
    0.5029839367E+00    0.1405935064E+01    0.5844187798E+01    1
    0.1951460630E+00    0.5286530709E+01    0.4405670831E+01    1
    0.2046627509E+01    0.5793491151E+01    0.1886649058E+01    1
    0.3141536560E+01    0.6643148407E+01    0.5071736117E+01    1
    0.6089322465E+01    0.1291295821E+01    0.6602102431E+01    1
    0.6268640786E+01    0.1570281250E+01    0.3377162515E+01    1
    0.3711275942E+01    0.5306961428E+01    0.6411365753E+01    1
    0.1209365537E+01    0.4093370826E+01    0.2905483464E+01    1
    0.2781743503E+01    0.6584698017E+01    0.2271691014E+01    1
    0.5619767285E+01    0.3262393877E+01    0.5952658210E+01    1
    0.2328432949E+01    0.2407849486E+01    0.3827804002E+01    1
    0.4173796050E+01    0.7105910035E+00    0.2297475730E+01    1
    0.2842074637E+00    0.3489946299E+01    0.1230196966E+02    2
    0.6383087351E+01    0.3069450562E+01    0.2782726401E+01    1
    0.5136122594E+01    0.9974947160E+00    0.2644186183E+01    1
    0.1947779472E+01    0.3033389397E+01    0.2001824416E+01    1
    0.2823644176E+01    0.5664958427E+01    0.2775925178E+01    1
    0.5884756249E+01    0.2103584837E+01    0.4891806458E+01    1
    0.2627673313E+01    0.3803392367E+01    0.1383419962E+01    1
    0.1850104960E+01    0.5306267484E+01    0.3997687999E+01    1
    0.4469443739E+01    0.1809353297E+01    0.8044099221E+00    1
    0.1838735609E+01    0.3844417001E+01    0.6510477118E+01    1
    0.2010834252E+01    0.1356755835E+01    0.3534980752E+01    1
    0.6276029726E+01    0.5306328386E+01    0.3388543344E+01    1
    0.5574728518E+01    0.3712503989E+01    0.1739997651E+01    1
    0.3452576373E+01    0.5386153304E+01    0.3650176918E+01    1
    0.2102286501E+01    0.4133533091E+01    0.5376511838E+01    1
    0.3669421845E+01    0.6188760666E+01    0.2928148378E+01    1
    0.6495304617E+01    0.8117390097E+00    0.4037954898E+01    1
    0.2299430580E+01    0.3645599045E+00    0.4246996207E+00    1
    0.5506481631E+01    0.5726684294E+01    0.2621609302E+01    1
    0.3310006231E+01    0.4178064555E+01    0.6008180755E+00    1
    0.4814894003E+01    0.1433321096E+01    0.6334065759E+01    1
    0.1038280876E+01    0.2845035365E+01    0.2928331732E+01    1
    0.3849751474E+01    0.1323113648E+01    0.3058969233E-01    1
    0.5634907175E+01    0.6041732776E+01    0.6274127643E+01    1
    0.5995637332E+01    0.2032796013E+00    0.4919293123E+00    1
    0.4867586685E+01    0.4076806713E+01    0.5519039769E+01    1
    0.4785270885E+01    0.4133557866E+01    0.2610001363E+01    1
    0.4586807340E+01    0.1726721459E+01    0.2100836985E+01    1
    0.1925681150E+00    0.3864199866E+01    0.3271397533E+01    1
    0.3725275648E+01    0.3497089551E+01    0.2561967784E+01    1
    0.1803450838E+01    0.4139804301E+01    0.1975085278E+01    1
    0.2887250846E+01    0.3601088256E+01    0.4835643468E+01    1
    0.6437125625E+01    0.4832840709E+01    0.1217738663E+01    1
    0.4983847887E+01    0.4138441080E+01    0.4098313902E+01    1
    0.8181095526E-01    0.4918142445E+00    0.5072073258E+01    1
    0.1876722432E+01    0.6238205637E+01    0.4947989468E+01    1
    0.2368336940E+01    0.4979118320E+01    0.6191595079E+01    1
    0.1666665431E+01    0.8044064215E+00    0.6100934766E+01    1
    0.1880045751E+01    0.7353180970E+00    0.4372214366E+01    1
    0.7139982210E+00    0.3741253656E+01    0.6299096744E+01    1
    0.9934660645E+00    0.5904235765E+01    0.4588105470E+01    1
    0.5481816323E+01    0.8751418864E+00    0.3672407723E+01    1
    0.1590804315E+01    0.3576458673E+01    0.1002850760E+01    1
    0.1104299684E+01    0.4363337409E+01    0.3572419698E+00    1
    0.3055692135E+01    0.8637843341E+00    0.1776535381E+01    1
    0.2219547465E+01    0.7916428761E+00    0.2471516715E+01    1
    0.6267923644E+01    0.5750396751E+01    0.5622705763E+00    1
    0.2297956926E+01    0.6051791827E+01    0.2712765498E-01    1
    0.4734079797E+01    0.3520590433E+01    0.6587651391E+01    1
    0.7737392368E+00    0.6075617083E+01    0.1783776294E+01    1
    0.5937397172E+00    0.3219406920E+01    0.8255245797E+00    1
    0.3849976436E+00    0.2030095279E+01    0.4801322425E-01    1
    0.1703508984E+01    0.2851193347E+01    0.5698820628E+01    1
    0.6866340751E+00    0.4356186950E+01    0.1303731496E+01    1
    0.5024904860E+01    0.6263161466E+01    0.8005909960E+00    1
    0.5642121068E-01    0.4134743295E+01    0.2146429272E+01    1
    0.3365620640E+01    0.2562144865E+01    0.4662063526E+01    1
    0.6504093395E+01    0.2991220887E+01    0.9828854087E-01    1
    0.1199097596E+01    0.4595535127E+01    0.6012833259E+01    1
    0.3822579431E+01    0.6637805291E+01    0.1532546994E+01    1
    0.3939364001E+01    0.1619369002E+01    0.3646433813E+01    1
    0.1483435230E+01    0.6058620816E+01    0.9792614444E+00    1
    0.6032563586E+01    0.6175198252E+01    0.5237746984E+01    1
    0.6562966401E+01    0.4069285426E+00    0.6166902096E+01    1
    0.2968884757E+01    0.9235775144E+00    0.4239420668E+01    1
    0.5419227296E+01    0.2284215803E+01    0.9051577082E-01    1
    0.1327574552E-01    0.4752091341E+01    0.2318927322E-01    1
    0.1932067993E+01    0.2315384480E+01    0.2878108208E+01    1
    0.3097593580E+01    0.1512613403E+01    0.5951387009E+01    1
    0.4202722820E+01    0.5051859338E+01    0.5463178484E+01    1
    0.1207904493E+01    0.1614265140E+01    0.2911621768E+01    1
    0.9048767117E+01    0.1486090870E+02    0.3540194835E+00    2
    0.4408341769E+01    0.5284155711E+01    0.2640023891E+01    1
    0.1470766414E+01    0.5581811498E+01    0.5845495754E+01    1
    0.3896532063E+01    0.2287602620E+01    0.1535844020E+01    1
    0.1178573290E+02    0.4873810076E+01    0.1131361203E+02    2
    0.1489545068E+01    0.5282974287E+01    0.2624620478E+00    1
    0.3744583922E+01    0.2269632986E+01    0.5686605860E+01    1
    0.3045135727E+01    0.3026909145E+01    0.1929053245E+01    1
    0.1457591109E+01    0.1228701560E+01    0.1977691647E+01    1
    0.2266579690E+01    0.4605690658E+01    0.4793505370E+00    1
    0.5019349898E+01    0.5752622343E+01    0.5419362912E+01    1
    0.6659634677E+00    0.5421241384E+01    0.3305083961E+01    1
    0.3528339236E+01    0.1682173276E+01    0.2369865586E+01    1
    0.5884338293E+01    0.4982113795E+01    0.6077118948E+01    1
    0.6762865350E+01    0.7476671883E+01    0.1092144849E+02    2
    0.5987891341E+01    0.5080814423E+01    0.5040454760E+01    1
    0.4874207479E+01    0.8607520281E-01    0.5543827717E+01    1
    0.3190514851E+01    0.4010411113E+01    0.3462581681E+01    1
    0.5690364692E+01    0.1987570303E+01    0.2382078347E+01    1
    0.5926797039E+01    0.4058554115E+01    0.5119118464E+01    1
    0.1904014705E+01    0.1825517591E+01    0.5786714240E+01    1
    0.8887191437E+00    0.6577004007E+01    0.5433192552E+01    1
    0.5201955877E+01    0.5095051953E+01    0.3435460420E+01    1
    0.7983214447E-01    0.8356043884E+00    0.2830950405E+01    1
    0.3928822474E+01    0.5404804614E+00    0.4492980364E+01    1
    0.6552047844E+01    0.5429684384E+01    0.2354128619E+01    1
    0.6259757903E+01    0.2348008003E+01    0.5943761319E+01    1
    0.3045920737E+01    0.5379484522E+01    0.6013323070E+00    1
    0.1637294048E+01    0.6347231666E+01    0.3878218799E+01    1
    0.5876629801E+01    0.4031391658E+01    0.2909298529E+01    1
    0.2845952408E+01    0.4540796809E+01    0.4266525286E+01    1
    0.4106542040E+01    0.2500986233E+01    0.2624583891E+01    1
    0.1305784840E+01    0.6639677748E+01    0.1718758203E+00    1
    0.2451865487E+01    0.1945301748E+01    0.1951536413E+01    1
    0.3607761738E+01    0.5578342078E+01    0.1845953355E+01    1
    0.1755440565E+01    0.2189086456E+00    0.1477610133E+01    1
    0.4776676248E+01    0.1389122963E+01    0.4294311982E+01    1
    0.5782044808E+01    0.5750833598E+01    0.1595075051E+01    1
    0.1229696474E+01    0.5516035916E+00    0.3067393753E+01    1
    0.7121770702E+00    0.2726101301E+01    0.4768890190E+01    1
    0.4208045895E+01    0.4545561248E+01    0.1918614784E+01    1
    0.1219952604E+00    0.6273308758E+01    0.3068311676E+01    1
    0.3879130383E+01    0.4903497580E+01    0.4495319859E+01    1
    0.3979420068E+01    0.5913542708E+01    0.4866137538E+01    1
    0.3696498325E+01    0.4013130578E+01    0.5423641905E+01    1
    0.3340447174E+01    0.6279809250E+01    0.1387017972E+00    1
    0.4068391793E+01    0.1010074387E+01    0.1284599159E+01    1
    0.5111595429E+01    0.2296764900E+01    0.5667426908E+01    1
    0.5646109910E+01    0.4180436560E+01    0.4757450478E-01    1
    0.6226519346E+00    0.5348030465E+01    0.8473993944E+00    1
    0.5452515577E+01    0.5072051141E+01    0.5198074302E+00    1
    0.3999688241E+01    0.6393872532E+01    0.5975376110E+01    1
    0.2836650726E+01    0.4041181714E+01    0.6238842310E+01    1
    0.5983430058E+00    0.9776517668E+00    0.5411646002E-01    1
    0.5409966307E+01    0.4699931951E+01    0.1695204168E+01    1
    0.4113766928E+01    0.3447679982E+01    0.1583532531E+01    1
    0.6005659944E+01    0.1090528530E+01    0.2063607270E+01    1
    0.4470899354E+01    0.3093701795E+01    0.5712453601E+01    1
    0.4672248524E+01    0.5795587766E+01    0.6466388351E+01    1
    0.2525598523E+01    0.2462153146E+01    0.9753039868E+00    1
    0.4335739279E+01    0.2291462495E+01    0.6524596792E+01    1
    0.1121227035E+01    0.2347699370E+01    0.2070855053E+01    1
    0.4340185909E+01    0.3500403553E+01    0.3380289550E+01    1
    0.4023817680E+01    0.3692438716E+01    0.4467783322E+01    1
    0.9048798474E+00    0.4970659394E+01    0.2217619592E+01    1
    0.1082835137E+01    0.9041481270E+00    0.5061867919E+01    1
    0.1539257138E+01    0.5014561375E+01    0.1333187225E+01    1
    0.3966668088E+01    0.5856904743E+01    0.8325712322E+00    1
    0.2219254619E+01    0.1204085937E+01    0.1125811187E+01    1
    0.1938371267E+00    0.2141422805E+01    0.2681417797E+01    1
    0.2634873679E+01    0.1326674456E+01    0.1991669198E+00    1
    0.5915528211E+01    0.8669757804E-01    0.2466381796E+01    1
    0.2736462089E+01    0.2979104985E+01    0.2968805957E+01    1
    0.4230503856E+01    0.2209340750E+00    0.2750946838E+00    1
    0.4420181958E+01    0.5952749050E+01    0.3821020010E+01    1
    0.6239835648E+01    0.3048068660E+01    0.5090949726E+01    1
    0.4724277334E+01    0.5488331415E+01    0.1524245122E+01    1
    0.9449285461E+01    0.6901087125E+01    0.1280854610E+02    2
