           1   6.04820807144778        3.52823181641558     
           2   6.08926877838778        3.52378840467373     
           3   6.16332447723674        3.52773108026149     
           4   6.25042237224052        3.52528454228415     
           5   6.35490061689850        3.52412071331394     
           6   6.48665141025513        3.52813673839291     
           7   6.63653298755209        3.52324715149417     
           8   6.81204878844649        3.52727481423334     
           9   7.00512431177035        3.52695484043369     
          10   7.21914249651443        3.52377338448329     
          11   7.45162712575642        3.52561645358604     
          12   7.69164492233436        3.52488584841256     
          13   7.94956861078979        3.52545727376527     
          14   8.20678895721755        3.52520827115706     
          15   8.45697210516454        3.52308676699265     
          16   8.68109460575684        3.52540275815518     
          17   8.87805570178045        3.52637279152866     
          18   9.04012461372115        3.52530262961379     
          19   9.15093437139935        3.52656088968323     
          20   9.25305252017711        3.52670708923549     
          21   9.30057288175532        3.52262816994270     
          22   9.33761347420430        3.52204130657989     
          23   9.35393470875659        3.52180082894610     
          24   9.35889341525649        3.52225218218896     
          25   9.35878637724463        3.52200241111107     
          26   9.32611463010489        3.52007215558104     
          27   9.31419631336201        3.52276932709355     
          28   9.27440984343389        3.52530465089303     
          29   9.23867931239161        3.52011827012577     
          30   9.19588594904836        3.51917999078375     
          31   9.13949043090956        3.52089786454351     
          32   9.09045096043033        3.52043529463304     
          33   9.02416103864097        3.52014847522993     
          34   8.96439833345749        3.52056883338280     
          35   8.89014292629727        3.52200642388833     
          36   8.81292178491980        3.51929387597591     
          37   8.74241841027869        3.52101475733511     
          38   8.66561518374430        3.51863281710901     
          39   8.57449370125342        3.51634341620161     
          40   8.48716291045929        3.51689663351021     
          41   8.39939318468623        3.51640325923578     
          42   8.30666080801134        3.51710170335132     
          43   8.20855225034797        3.51618426073147     
          44   8.11074172091831        3.51661411330253     
          45   8.00907371075474        3.51657347359402     
          46   7.90437624757733        3.51623424950360     
          47   7.79957945603701        3.51398906200894     
          48   7.69547266559154        3.51481215442125     
          49   7.57908133362594        3.51703454398687     
          50   7.46654226829911        3.50980298355198     
          51   7.35525340229187        3.51513320809451     
          52   7.23911458092673        3.51254097881221     
          53   7.12039415910478        3.51051690834665     
          54   6.99907546830232        3.51426294720538     
          55   6.87495426540659        3.50940436095614     
          56   6.75270943246953        3.51026149502466     
          57   6.62721813504385        3.51098662457914     
          58   6.49509882150039        3.50910560172401     
          59   6.36876034076642        3.50817385899923     
          60   6.23550740133408        3.51061941323544     
          61   6.10567100750395        3.51103073664119     
          62   5.97223800182837        3.50740937333005     
          63   5.83539803425968        3.50633488737601     
          64   5.70212319547812        3.50845100334757     
          65   5.55927599073865        3.50625648380658     
          66   5.42486837834488        3.50447254693854     
          67   5.28217346409794        3.50659512785540     
          68   5.14062921695875        3.50491110509263     
          69   4.99474665898987        3.50111012210278     
          70   4.85519090358752        3.50463336596011     
          71   4.70634461296974        3.50148141972433     
          72   4.56068503856913        3.50202817610385     
          73   4.41098491174034        3.49991720705476     
          74   4.26302371290933        3.50281402756311     
          75   4.11022120625577        3.50043215119964     
          76   3.95913213416235        3.50019939903487     
          77   3.80481763745243        3.49763580045103     
          78   3.65018215767457        3.49987869878715     
          79   3.49540703540210        3.49642715941070     
          80   3.34073731434842        3.49780264887756     
          81   3.17919125177743        3.49690857837773     
          82   3.02079270095121        3.49459038888764     
          83   2.86324047915052        3.49601022145669     
          84   2.70422531569876        3.49720955015596     
          85   2.54394071159114        3.49797184120233     
          86   2.37669518094049        3.49224835059123     
          87   2.21343788994264        3.49513806528298     
          88   2.04740494792971        3.49224203402753     
          89   1.88665869845172        3.49455040219679     
          90   1.71995091796153        3.49334227141908     
          91   1.55477982410649        3.49153591331312     
          92   1.38237557539038        3.48988753195300     
          93   1.21538299351463        3.48895454566764     
          94   1.04036367353697        3.49088987144548     
          95  0.872219840274017        3.48577991472914     
          96  0.696780348412394        3.48570113488392     
          97  0.526083100358798        3.48727824140805     
          98  0.348245105515984        3.48460234369908     
          99  0.177013615789094        3.48151287688540     
         100  0.000000000000000E+000   3.48509641694546     
