0.001	 -5.538675	 0.000794
0.003	 -4.684544	 0.002346
0.006	 -4.167226	 0.004582
0.009	 -3.880241	 0.006707
0.01	 -3.808749	 0.007395
0.02	 -3.378897	 0.013542
0.03	 -3.183382	 0.018399
0.04	 -3.089901	 0.021930
0.05	 -3.085354	 0.022652
0.06	 -3.164022	 0.019408
0.07	 -3.360714	 0.017442
0.08	 -3.259171	 0.015884
0.09	 -3.304766	 0.016227
0.1	 -3.335619	 0.015140
0.2	 -3.536519	 -0.010139
0.3	 -3.814319	 -0.070417
0.4	 -4.084495	 -0.159747
0.5	 -4.393377	 -0.308057
0.6	 -4.623059	 -0.433241
0.7	 -4.452938	 -0.266033
0.8	 -3.412210	 0.552259
0.9	 -0.591074	 2.578502
