   6.6817777504650984        15.337439918542884     
         256
    0.6622507103E+01    0.5602497769E+01    0.5838929980E-01    1
    0.3127455906E+01    0.6572610579E+01    0.1467921859E+01    1
    0.4536118958E+01    0.1498712754E+01    0.4672699902E+01    1
    0.1335089089E+00    0.4708998521E+01    0.3099669059E+01    1
    0.3013752133E+01    0.5708615558E+01    0.2364787244E+01    1
    0.3864825554E+01    0.9520843224E+00    0.5920959014E+00    1
    0.6345264639E+01    0.9599852317E+00    0.2871794551E+01    1
    0.4516419570E+01    0.4942044687E+01    0.6073273681E+01    1
    0.5384569994E+01    0.5688122987E+01    0.1883819555E-01    1
    0.4398122433E+01    0.6009986092E+01    0.1577880459E+01    1
    0.2160075828E+01    0.4626538717E+01    0.5076293087E+01    1
    0.2938604074E+00    0.3025018441E+01    0.6526346575E+01    1
    0.6459404511E+01    0.5630168864E+01    0.2600644291E+01    1
    0.1599357636E+01    0.1006817827E+01    0.3233133257E+01    1
    0.2555252449E+01    0.2265530297E+01    0.1786348051E+01    1
    0.2019190200E+01    0.6555646768E+01    0.6374871189E+01    1
    0.1599105501E+01    0.1390433025E+00    0.1053993434E+01    1
    0.3644320087E+00    0.5249282949E+00    0.1356972054E+01    1
    0.6019441201E+01    0.4315541889E+00    0.1403113837E+01    1
    0.5952269574E+01    0.6628462215E+01    0.2818004050E+01    1
    0.4561257275E+01    0.6049102669E+01    0.6188785196E+01    1
    0.1430098873E+01    0.3356679522E+01    0.2186484344E+01    1
    0.5457895745E+00    0.2587046663E+01    0.5233640221E+01    1
    0.4597321839E+01    0.1258701092E+01    0.6459125848E+01    1
    0.6569291268E+01    0.2068083422E+01    0.2349651592E+01    1
    0.6147944949E+01    0.6247391414E+01    0.5023072775E+01    1
    0.4826799925E+01    0.3859723445E+01    0.6410142735E+01    1
    0.1742134023E+01    0.1756467010E+01    0.5158505587E+01    1
    0.1448613462E+01    0.3972006784E+01    0.1168033623E+01    1
    0.5270521178E+01    0.3535524040E+01    0.7658938063E+00    1
    0.3142389582E+00    0.6441603184E+01    0.2971686566E+01    1
    0.1280664630E+01    0.5539792317E+01    0.1464837567E+01    1
    0.6441896112E+01    0.5064567359E+01    0.1569533160E+01    1
    0.4631648709E+01    0.2606011767E+01    0.4491825523E+01    1
    0.2145885525E+01    0.4843978168E+01    0.1260257893E+01    1
    0.5867717028E+01    0.4444262062E+01    0.2468615369E+01    1
    0.2465235348E+01    0.6839903567E+00    0.1359896367E+01    1
    0.5006158833E+01    0.5105860698E+01    0.2272165425E+01    1
    0.1923307961E+01    0.5617078783E+01    0.5492182163E+01    1
    0.6252864508E+01    0.1639629253E+01    0.5137428789E+01    1
    0.2322554755E+01    0.1047784774E+01    0.5830911276E+01    1
    0.3204174263E+01    0.2677115645E+01    0.1018850867E+01    1
    0.3409357771E+01    0.3943507516E+00    0.6073077534E+01    1
    0.6243614130E+00    0.3866435955E+01    0.4194919484E+00    1
    0.2347846819E+01    0.3909276068E+01    0.1851488452E+01    1
    0.6132934892E+01    0.2941983148E+01    0.2839824180E+01    1
    0.5081458005E+01    0.3199459131E+01    0.2616541692E+01    1
    0.3302369552E+01    0.6050526416E+01    0.6218429381E+01    1
    0.4053101204E+01    0.3468048670E+01    0.2602932678E+01    1
    0.4845112770E+01    0.1042788149E+01    0.9361091561E+00    1
    0.2560172835E+01    0.1841075102E+01    0.3080241333E+01    1
    0.7027287452E+00    0.2526525470E+01    0.2775124219E+01    1
    0.3601658846E+01    0.2624728321E+01    0.2089915718E+01    1
    0.1825284651E+01    0.2693875271E+01    0.2940605423E+01    1
    0.1766627417E+01    0.6386243882E+00    0.2075970849E+01    1
    0.1634084385E+01    0.3272975226E+01    0.1071743735E+00    1
    0.4482825486E+01    0.1168897600E+01    0.2419496551E+01    1
    0.6156357619E+01    0.5738474066E+00    0.5485550013E+01    1
    0.3127786018E+01    0.4111986120E+01    0.2526721889E+01    1
    0.6296797966E+01    0.4602734441E+01    0.4845856626E+00    1
    0.2711508027E+01    0.3073104509E+01    0.2353826392E+01    1
    0.1167701841E+01    0.2423853768E+01    0.1806596507E+01    1
    0.1423464515E+01    0.2100991400E+01    0.2864893974E+00    1
    0.1268022630E+01    0.4706896395E+01    0.3077961713E+01    1
    0.4149598063E+01    0.3958880997E+01    0.5232259168E+01    1
    0.2619201788E+01    0.2507477072E+01    0.5209203471E+01    1
    0.2637668410E+01    0.6547767808E+01    0.5504728649E+01    1
    0.5834743098E+01    0.5244428558E+01    0.4560821092E+01    1
    0.2031835531E+01    0.9946040067E+00    0.2557766241E+00    1
    0.1363718783E+01    0.4623165884E+01    0.2068507603E+01    1
    0.5237477617E+01    0.6262089550E+01    0.3807516324E+01    1
    0.4946429044E+01    0.5072590367E+00    0.4493737960E+01    1
    0.4209888246E+01    0.8493037666E+00    0.5492841976E+01    1
    0.3328247336E+00    0.4324520746E+01    0.5105354515E+01    1
    0.1058636087E+00    0.2462210331E+01    0.1264732352E+01    1
    0.8866929034E+00    0.2970327704E+01    0.8663241112E+00    1
    0.7080958478E+00    0.1363664968E+01    0.5206938366E+01    1
    0.2344266627E+01    0.5881564931E+01    0.1552510994E+01    1
    0.6577357671E+01    0.3911606469E+01    0.6044061002E+01    1
    0.3801968097E+01    0.6538404485E+01    0.4693423381E+00    1
    0.4192772111E+01    0.5738163218E+01    0.3331137690E+01    1
    0.1046072231E+01    0.6510635287E+01    0.1884982378E+01    1
    0.6364253663E+01    0.2309812843E+01    0.4335357728E+01    1
    0.2442505868E+01    0.4167551189E+01    0.6386116299E+01    1
    0.6412805640E+01    0.3352439473E+01    0.8791904417E+00    1
    0.2429113063E+01    0.2151339913E+01    0.6580885243E+00    1
    0.3503817402E+01    0.7169026297E+00    0.2769938768E+01    1
    0.2582975176E+00    0.1000265081E+01    0.6092003762E+01    1
    0.3410926565E+01    0.2405201559E+01    0.6528515584E+01    1
    0.4357743804E+01    0.1982597788E+00    0.3282150912E+01    1
    0.1069017595E+02    0.6771396333E+01    0.1058275080E+02    2
    0.1414558307E+01    0.1336892681E+00    0.4812085010E+01    1
    0.3551187095E+01    0.3350633300E+01    0.4233437989E+01    1
    0.4231919961E+01    0.3193758354E+01    0.5453293404E+00    1
    0.2705997502E-01    0.2037304039E+01    0.5997381323E+01    1
    0.6454171897E+01    0.2903980709E+00    0.3731104194E+00    1
    0.6012825012E+01    0.3609788260E+01    0.1984286005E+01    1
    0.3103317509E+01    0.5449545938E+01    0.5116065379E+01    1
    0.4955188283E+01    0.6242009880E+01    0.2741208051E+01    1
    0.9689255217E+00    0.5198862568E+01    0.5428249393E+01    1
    0.1052760382E+01    0.3608182826E+01    0.5930014263E+01    1
    0.3603349354E+01    0.2539505887E+01    0.5247578015E+01    1
    0.1588961927E+01    0.4538653888E+01    0.2692983214E+00    1
    0.3122741521E+01    0.1465113619E+01    0.1084470741E+01    1
    0.2991292286E+01    0.3655621329E+01    0.7340316329E+00    1
    0.3232852247E+01    0.4432452094E+01    0.4794573895E+01    1
    0.5728109206E+00    0.4827231405E+01    0.8984508499E+00    1
    0.5749227750E+01    0.5218356900E+01    0.3440105056E+01    1
    0.5316351990E+00    0.3135974258E+00    0.3911516091E+01    1
    0.7130181145E+00    0.5466592485E+01    0.3573181813E+01    1
    0.3629087112E+00    0.1838935410E+01    0.3983780586E+00    1
    0.3933542462E+01    0.5311321342E+01    0.2387289803E+01    1
    0.2428088035E+01    0.3658609851E+01    0.4554601073E+01    1
    0.6065305289E+00    0.6038939023E+01    0.4578076369E+01    1
    0.4530741312E+01    0.3127181738E+01    0.1582131601E+01    1
    0.2097490330E+01    0.3773631451E+01    0.2880560559E+01    1
    0.5294084891E+01    0.3517177241E+00    0.2031497756E+01    1
    0.2638532737E+01    0.3055083446E+01    0.6598470984E+01    1
    0.1258776871E+01    0.5516047093E+01    0.6395200906E+01    1
    0.5315455294E+01    0.1170996259E+01    0.5518844596E+01    1
    0.4149009016E+01    0.1024325264E+01    0.3732804463E+01    1
    0.1804933401E+01    0.1645831401E+01    0.1381792956E+01    1
    0.5580564005E+01    0.5930369508E+01    0.1914516468E+01    1
    0.3021540433E+01    0.6427963456E+01    0.4491738645E+01    1
    0.1585249396E+01    0.3436317344E+01    0.3779859533E+01    1
    0.3941761973E+01    0.3360839091E+01    0.6235358616E+01    1
    0.3017938163E+01    0.1395148417E+01    0.5462152774E-01    1
    0.6053069341E+01    0.2366251890E+01    0.4646206515E+00    1
    0.5796190512E+01    0.3287885125E+01    0.4550269083E+01    1
    0.5573140393E+01    0.2149189259E+01    0.6063297776E+01    1
    0.2577094001E+01    0.5228793392E+01    0.4015152538E+01    1
    0.1456017097E+01    0.2627381804E+01    0.5784461452E+01    1
    0.3364588310E+01    0.2923490790E+01    0.3286414991E+01    1
    0.1447077917E+02    0.8020950791E+01    0.8852453813E+01    2
    0.3546532997E+00    0.2816864949E+00    0.4979645955E+01    1
    0.3082163812E+01    0.3420176221E+01    0.5491824732E+01    1
    0.3627087328E+00    0.4330435160E+01    0.2010289319E+01    1
    0.3579195803E+01    0.5478034020E+01    0.4118734253E+01    1
    0.5392240940E+01    0.2012163732E+01    0.2888338900E+01    1
    0.3292058878E+01    0.1285509140E+02    0.1527699674E+02    2
    0.2417934194E+01    0.4890902639E+01    0.2988128768E+01    1
    0.6088153540E+01    0.6390778220E+01    0.6070329839E+01    1
    0.6061416742E+01    0.1105439552E+02    0.7065412236E+01    2
    0.3440768862E+01    0.4959966138E+01    0.3216610854E+01    1
    0.5250701054E+01    0.9024727139E+00    0.3205396751E+01    1
    0.2838330098E+01    0.6033526559E+01    0.4814081887E+00    1
    0.4779065828E+01    0.5065883906E+01    0.3969597586E+01    1
    0.3937686815E+01    0.4212463233E+01    0.3925522510E+01    1
    0.1703914039E+01    0.2838840929E+01    0.4669622867E+01    1
    0.2688982704E+01    0.1611739164E+01    0.4703085290E+01    1
    0.2344997360E+01    0.5313741586E+01    0.6356278538E+01    1
    0.3191033613E+01    0.6299519628E+01    0.3259258481E+01    1
    0.5315792469E+01    0.3933216444E+01    0.3363205955E+01    1
    0.6251340981E+01    0.4401458462E+01    0.4043459094E+01    1
    0.5607825073E+01    0.1421439916E+01    0.4214893092E+01    1
    0.3693936531E+00    0.3295951058E+01    0.1983945062E+01    1
    0.6607716333E+01    0.6367696076E+01    0.1965334873E+01    1
    0.4572536883E+01    0.2255372343E+01    0.2188883399E+01    1
    0.5741916451E+00    0.3543769547E+01    0.3067845957E+01    1
    0.3750441207E+01    0.3671327965E+01    0.6277489968E+01    2
    0.3094171008E+01    0.4815477926E+01    0.1813652993E+01    1
    0.1241457718E+01    0.3941791961E+01    0.4814990471E+01    1
    0.2438056883E+01    0.2105813653E+01    0.6186082815E+01    1
    0.1893077267E+01    0.4493356525E+01    0.4088880166E+01    1
    0.2266522866E+01    0.6374507538E+00    0.4562690684E+01    1
    0.4331625213E+01    0.4919226421E+01    0.1447941074E+01    1
    0.6162762337E+01    0.4775546006E+00    0.4225674188E+01    1
    0.4751512971E+01    0.1877388145E+01    0.3670396389E+01    1
    0.1914274165E+01    0.5649849241E+01    0.2437555628E+01    1
    0.2049850926E+01    0.3054524225E+01    0.1153841749E+01    1
    0.4301466249E+01    0.5544992620E+01    0.5163512732E+00    1
    0.3867242358E+01    0.3903143159E+01    0.1499870513E+01    1
    0.4908269248E+01    0.6633403591E+01    0.8823504728E+00    1
    0.1093312774E+01    0.1137887639E+01    0.7002871432E+00    1
    0.5923446022E+01    0.1257952907E+01    0.6421909817E+01    1
    0.3442245461E+01    0.7558807518E+00    0.4727900758E+01    1
    0.2006558457E+01    0.3546277634E+01    0.5504261948E+01    1
    0.5428770822E+01    0.5605906897E+01    0.5580782672E+01    1
    0.6403402824E+01    0.5090685121E+01    0.5582361408E+01    1
    0.1435771426E+01    0.6101610233E+00    0.5833455703E+01    1
    0.3615476762E+01    0.1815535963E+01    0.4178877837E+01    1
    0.6418960449E+00    0.4256825500E+01    0.4040519631E+01    1
    0.5058350902E+01    0.4597939449E+01    0.4154385858E+00    1
    0.2848140307E+01    0.3611882170E+00    0.3521538605E+00    1
    0.2908153962E+01    0.3999502275E+01    0.3672559919E+01    1
    0.6730970076E+00    0.2608070931E+01    0.3940205517E+01    1
    0.2611097193E+01    0.2705876006E+01    0.4122121195E+01    1
    0.1794405689E+01    0.6055408518E+01    0.4966758320E+00    1
    0.7932137537E+01    0.1468693781E+02    0.3168651073E+00    2
    0.6854197062E+00    0.1608462421E+01    0.3364150720E+01    1
    0.4247624012E+01    0.6395820553E+01    0.4316211109E+01    1
    0.6524201061E+00    0.6190549248E+01    0.9323655617E+00    1
    0.2487074582E+01    0.9009810387E-01    0.2571098802E+01    1
    0.5770120359E+01    0.1421379013E+01    0.1860367554E+01    1
    0.6223228330E+01    0.2892727960E+01    0.5598531854E+01    1
    0.3831947736E+01    0.1900213967E+01    0.3118394735E+01    1
    0.4793230888E+01    0.1011411791E+00    0.5787588089E+01    2
    0.5411669245E+01    0.2407730737E+00    0.6617508966E+01    1
    0.5445865172E+01    0.3113168721E+01    0.6506508911E+01    1
    0.4810631791E+01    0.4126415645E+01    0.2045930378E+01    1
    0.5230354274E+01    0.5379558659E+01    0.1113847549E+01    1
    0.4147091727E+01    0.5481268131E+01    0.4944585309E+01    1
    0.5611306189E+01    0.4612664962E+01    0.6103315705E+01    1
    0.5142296679E+01    0.2069347165E+01    0.1028653484E+01    1
    0.5570247655E+01    0.2696025145E+01    0.3728425566E+01    1
    0.7751683936E+00    0.5453653472E+01    0.2324922923E+01    1
    0.6152123045E+01    0.6049986166E+01    0.8802994071E+00    1
    0.9924540236E-01    0.1268156164E+01    0.4250991751E+01    1
    0.2087842219E+01    0.6075086472E+01    0.4576696938E+01    1
    0.3853847029E+01    0.6369889506E+01    0.5407796244E+01    1
    0.1099381019E+00    0.3315609570E+01    0.4667737000E+01    1
    0.3946206491E+01    0.6379527622E+01    0.2388582764E+01    1
    0.1451510055E+01    0.1248203337E-02    0.2977497064E+01    1
    0.5611248592E+01    0.4325369933E+01    0.1333622673E+01    1
    0.7960072126E+00    0.1658686732E+00    0.5158525365E-02    1
    0.4004496677E+01    0.4249099902E+01    0.5618265841E+00    1
    0.4107311015E+01    0.1791872790E+01    0.1048697226E+01    1
    0.4914476729E+01    0.3780906554E+01    0.4457139103E+01    1
    0.3610717449E+01    0.1622676217E+01    0.2074835837E+01    1
    0.1444674092E+00    0.5116607848E+01    0.4416968834E+01    1
    0.2870185548E+01    0.9796286405E+00    0.3716524332E+01    1
    0.4898514264E+01    0.3098512901E+01    0.5511656256E+01    1
    0.2577023699E+01    0.1320821510E+01    0.2161654196E+01    1
    0.4285383899E+00    0.6081557005E+01    0.5744861520E+01    1
    0.6377290054E+00    0.7091449171E+00    0.2524758183E+01    1
    0.5805452275E+01    0.2567640434E+01    0.1893292387E+01    1
    0.1410743983E+01    0.5358154996E+01    0.4369379982E+01    1
    0.1572319868E+01    0.1963569528E+01    0.3739715823E+01    1
    0.5021396435E+01    0.4640922351E+01    0.5164383972E+01    1
    0.4364581829E+01    0.4392827110E+01    0.2942501536E+01    1
    0.5494234165E+00    0.4733664814E+01    0.6282637649E+01    1
    0.4530348116E+01    0.2434226501E+01    0.6548934768E+01    1
    0.4360651301E+01    0.3131430081E+00    0.6394402786E+01    1
    0.5228685448E+01    0.1473671392E+00    0.5476973249E+01    1
    0.2901369880E+01    0.4687727453E+01    0.4492493997E+00    1
    0.5059265385E+01    0.6119394336E+01    0.4777782606E+01    1
    0.1662209960E+01    0.4677333252E+01    0.5973733717E+01    1
    0.7485110168E+00    0.1454157756E+01    0.1675217965E+01    1
    0.4596162393E+01    0.3086915403E+01    0.3606592061E+01    1
    0.1204574910E+01    0.1122351836E+01    0.4296693432E+01    1
    0.3300103308E+01    0.4510020108E+01    0.5819351437E+01    1
    0.5978321548E+01    0.4102142297E+01    0.5155011576E+01    1
    0.6345027496E+01    0.6170348062E+01    0.3736523249E+01    1
    0.4544936810E+01    0.1890229934E+01    0.5609533339E+01    1
    0.1390642635E+01    0.1676699531E+01    0.2546096281E+01    1
    0.3252538124E+01    0.1461318870E+01    0.5625346774E+01    1
    0.1709396753E+01    0.5791125482E+01    0.3513661922E+01    1
    0.3462526134E+01    0.5594262292E+01    0.1268748388E+01    1
    0.4110275762E+01    0.4752712335E+00    0.1640979358E+01    1
    0.6451302701E+01    0.3371046250E+01    0.3691508382E+01    1
    0.5886303683E+01    0.1291213081E+01    0.7426802588E+00    1
    0.1197987729E+01    0.1581343677E+01    0.6123712489E+01    1
    0.2213349602E+01    0.9792202778E-01    0.3701370480E+01    1
    0.6375729567E+01    0.2004405758E+01    0.3290873184E+01    1
    0.5406582285E+01    0.2227486875E+01    0.4982118916E+01    1
    0.8847864761E+01    0.1465747587E+02    0.1484626453E+02    2
