   5.0000000000000001E-003   3.0674846625766873E-004   3.1025068255150163E-004
   1.4999999999999999E-002   3.7007339789058165E-004   3.0262680062946373E-004
   2.5000000000000001E-002   3.5844435151442740E-004   3.6348215908402497E-004
   3.5000000000000003E-002   5.5333538272363974E-004   4.2921086516647250E-004
   4.4999999999999998E-002   3.5761115746811301E-004   3.0113225728740060E-004
   5.5000000000000000E-002   4.9212598425196850E-004   4.2548018477996596E-004
   6.5000000000000002E-002   2.4279210925644916E-004   6.0161232102033451E-004
   7.4999999999999997E-002   7.8740157480314960E-004   5.5534987041836359E-004
   8.5000000000000006E-002   9.9657427592650264E-004   5.5504162812210916E-004
   9.5000000000000001E-002   2.1925817650283209E-003   1.7468827179085598E-003
  0.10500000000000000        2.6775390981561491E-003   2.0517772011345121E-003
  0.11500000000000000        3.1954771707736742E-003   3.2366412213740460E-003
  0.12500000000000000        4.3649329890569286E-003   4.4571004085675377E-003
  0.13500000000000001        5.8678196417541696E-003   5.9835913885633212E-003
  0.14499999999999999        9.7087378640776691E-003   9.4328286469598649E-003
  0.15500000000000000        1.2491192108128884E-002   1.1749031007751938E-002
  0.16500000000000001        1.7216731928646901E-002   1.8409337023222234E-002
  0.17499999999999999        2.3870107839573489E-002   2.2578873497284432E-002
  0.18500000000000000        3.0077934729663906E-002   2.8900709219858156E-002
  0.19500000000000001        3.4390181539248277E-002   3.3347823386946529E-002
  0.20499999999999999        3.9041054108460926E-002   4.0679375259813529E-002
  0.21500000000000000        5.3081034588683421E-002   5.0000000000000003E-002
  0.22500000000000001        5.7905212091056105E-002   5.6734089787863838E-002
  0.23499999999999999        6.8136142625607785E-002   6.3072973964063070E-002
  0.24500000000000000        8.0710726462103324E-002   7.3635806253832009E-002
  0.25500000000000000        8.6240903217030540E-002   7.7864223867486509E-002
  0.26500000000000001        9.3688749509996075E-002   8.6197423844698126E-002
  0.27500000000000002       0.11001717985991806        9.6660165772793766E-002
  0.28499999999999998       0.12052095729207986       0.10946003791353269     
  0.29499999999999998       0.12653953118792213       0.11609690934482968     
  0.30499999999999999       0.14235813616292098       0.12709646722968954     
  0.31500000000000000       0.14913249723828709       0.13718236400024258     
  0.32500000000000001       0.16121773659827929       0.14231684255474897     
  0.33500000000000002       0.17742249951257555       0.16505086774386596     
  0.34499999999999997       0.18749585626201684       0.17005753603416573     
  0.35499999999999998       0.20131319763624425       0.18458112662493981     
  0.36499999999999999       0.21002181529715078       0.19883218782312512     
  0.37500000000000000       0.23010592069527430       0.20962031497985595     
  0.38500000000000001       0.24522501308215594       0.22746729366371254     
  0.39500000000000002       0.25169979079497906       0.23984479204559234     
  0.40500000000000003       0.26445752302968273       0.24564808637108024     
  0.41499999999999998       0.28297509382463321       0.25409989399513627     
  0.42499999999999999       0.30763513513513513       0.28082570498249065     
  0.43500000000000000       0.31377079482439924       0.28961181640625000     
  0.44500000000000001       0.33287680166960154       0.31216642406598738     
  0.45500000000000002       0.34059108146985745       0.31677395845985667     
  0.46500000000000002       0.35676437051445437       0.33378586855908671     
  0.47499999999999998       0.36715323689205998       0.34166362641371761     
  0.48499999999999999       0.39668044260765234       0.36356821589205396     
  0.49500000000000000       0.41806950855281022       0.37609863281250000     
  0.50500000000000000       0.42347275366143289       0.39059366834781550     
  0.51500000000000001       0.44241535590509196       0.40913836516612417     
  0.52500000000000002       0.44625385777135729       0.41849415204678364     
  0.53500000000000003       0.46894556220981093       0.42864113198341058     
  0.54500000000000004       0.47846012832263979       0.44179583770765146     
  0.55500000000000005       0.48592283628779981       0.45419591089411049     
  0.56499999999999995       0.52500166455822628       0.47387679203407113     
  0.57499999999999996       0.52497343251859718       0.48459314841011131     
  0.58499999999999996       0.54662592986184910       0.49908636861980754     
  0.59499999999999997       0.55776209012337530       0.50398262128892102     
  0.60499999999999998       0.57828934312363567       0.52593928464081752     
  0.61499999999999999       0.58336091071546758       0.53604379382457867     
  0.62500000000000000       0.59837409034288336       0.55255836458207330     
  0.63500000000000001       0.60548438751000799       0.56141321044546855     
  0.64500000000000002       0.62369222619520592       0.57302262499229395     
  0.65500000000000003       0.63351126155448512       0.59732731266780570     
  0.66500000000000004       0.66612344673049506       0.60255622465282044     
  0.67500000000000004       0.66360087342023422       0.61011616650532430     
  0.68500000000000005       0.67224958949096880       0.62822429906542054     
  0.69499999999999995       0.68020860159670360       0.64138925609902653     
  0.70499999999999996       0.69574621485219901       0.64358989741436201     
  0.71499999999999997       0.70557273504835849       0.65712178935725696     
  0.72499999999999998       0.72228428731024508       0.67046359238165232     
  0.73499999999999999       0.71772727272727277       0.67492184147612333     
  0.74500000000000000       0.74145033675537830       0.68411595591758501     
  0.75500000000000000       0.75228265184597065       0.69732289200509923     
  0.76500000000000001       0.75199150292087091       0.69912601500030991     
  0.77500000000000002       0.76724080155485552       0.70972316419014736     
  0.78500000000000003       0.78086865240782044       0.72835199804173556     
  0.79500000000000004       0.78965196599362375       0.72860560701797439     
  0.80500000000000005       0.78934656309158557       0.73145703312530008     
  0.81499999999999995       0.80599443954702654       0.74630888929731054     
  0.82499999999999996       0.81141487431977199       0.75180263393123170     
  0.83499999999999996       0.82573655700885185       0.75885349536610813     
  0.84499999999999997       0.82765188834154346       0.76971198513471661     
  0.85499999999999998       0.84104124408384040       0.77053020961775587     
  0.86499999999999999       0.83828318353523512       0.77246700018082093     
  0.87500000000000000       0.84722406254140714       0.78336497825687512     
  0.88500000000000001       0.85662407531943507       0.78979143798024154     
  0.89500000000000002       0.85644511913405053       0.78986387943607195     
  0.90500000000000003       0.85817664922142534       0.79508147794424877     
  0.91500000000000004       0.86743264126856146       0.79328793774319062     
  0.92500000000000004       0.86359789048766200       0.79836561743341405     
  0.93500000000000005       0.86637074334172515       0.79948507325445961     
  0.94499999999999995       0.87521446482776821       0.80231277533039647     
  0.95499999999999996       0.87284567820023684       0.80509507557289128     
  0.96499999999999997       0.87951963648166176       0.80878475551294349     
  0.97499999999999998       0.88166389351081531       0.81268900820835643     
  0.98499999999999999       0.87793982393903558       0.81250000000000000     
  0.99500000000000000       0.88302798469901345       0.80697574980147824     
