         0.500000000000000E-02         0.106000378725633E-01         0.398356045924569E-03
         0.150000000000000E-01         0.104887619830526E-01         0.378316939603163E-03
         0.250000000000000E-01         0.108279192660313E-01         0.362672465856400E-03
         0.350000000000000E-01         0.106424325329356E-01         0.326726489594539E-03
         0.450000000000000E-01         0.108294535489781E-01         0.299485402339435E-03
         0.550000000000000E-01         0.104607411313399E-01         0.253578791747608E-03
         0.650000000000000E-01         0.106642355011271E-01         0.222529431533675E-03
         0.750000000000000E-01         0.106701303777122E-01         0.186810771324089E-03
         0.850000000000000E-01         0.104273906651803E-01         0.150506826295860E-03
         0.950000000000000E-01         0.106301582693611E-01         0.123872062041177E-03
         0.105000000000000E+00         0.106399292291803E-01         0.982665217900002E-04
         0.115000000000000E+00         0.106161074676377E-01         0.771247459643322E-04
         0.125000000000000E+00         0.104903770177335E-01         0.588850031174524E-04
         0.135000000000000E+00         0.105006324879569E-01         0.455742664807257E-04
         0.145000000000000E+00         0.109338655410952E-01         0.369508809391463E-04
         0.155000000000000E+00         0.102314869583931E-01         0.276346938519818E-04
         0.165000000000000E+00         0.104084140076803E-01         0.230866725941049E-04
         0.175000000000000E+00         0.106865229797228E-01         0.201570779520497E-04
         0.185000000000000E+00         0.106695651155739E-01         0.180141511854038E-04
         0.195000000000000E+00         0.102108145144782E-01         0.155660393355076E-04
         0.205000000000000E+00         0.106416250155952E-01         0.154699124945564E-04
         0.215000000000000E+00         0.104286019411909E-01         0.146089657738416E-04
         0.225000000000000E+00         0.103640005539569E-01         0.142834324828639E-04
         0.235000000000000E+00         0.100246010157761E-01         0.137473413465378E-04
         0.245000000000000E+00         0.993270554243564E-02         0.136227776059835E-04
         0.255000000000000E+00         0.957045326352077E-02         0.135618760916019E-04
         0.265000000000000E+00         0.991324437453139E-02         0.142160563671164E-04
         0.275000000000000E+00         0.980632907865905E-02         0.146335208945060E-04
         0.285000000000000E+00         0.973074545559523E-02         0.150489449477079E-04
         0.295000000000000E+00         0.983717624106331E-02         0.158787135851126E-04
         0.305000000000000E+00         0.981819958356331E-02         0.167675257287791E-04
         0.315000000000000E+00         0.989983958668032E-02         0.177567244031802E-04
         0.325000000000000E+00         0.970522790763778E-02         0.186007211563515E-04
         0.335000000000000E+00         0.999407686030798E-02         0.203339308403090E-04
         0.345000000000000E+00         0.977532041278671E-02         0.214219189624090E-04
         0.355000000000000E+00         0.979462007722288E-02         0.231873800866006E-04
         0.365000000000000E+00         0.989402546182926E-02         0.251336947588354E-04
         0.375000000000000E+00         0.962915977416970E-02         0.264135590313224E-04
         0.385000000000000E+00         0.991582843002075E-02         0.297948422899888E-04
         0.395000000000000E+00         0.990823776702075E-02         0.324889583632568E-04
         0.405000000000000E+00         0.100721637871271E-01         0.360562083590865E-04
         0.415000000000000E+00         0.959290224558460E-02         0.376773590435064E-04
         0.425000000000000E+00         0.967373473136119E-02         0.419114430507187E-04
         0.435000000000000E+00         0.987432203872288E-02         0.471763460414560E-04
         0.445000000000000E+00         0.993351305977607E-02         0.525380241924702E-04
         0.455000000000000E+00         0.990864152569096E-02         0.581908252634402E-04
         0.465000000000000E+00         0.974471550558459E-02         0.635509771241950E-04
         0.475000000000000E+00         0.981141643790373E-02         0.710064469684345E-04
         0.485000000000000E+00         0.987359527311650E-02         0.802766991849162E-04
         0.495000000000000E+00         0.965806889495693E-02         0.878778817354891E-04
         0.505000000000000E+00         0.985809094018033E-02         0.100256892961560E-03
         0.515000000000000E+00         0.977467439891437E-02         0.111650885065570E-03
         0.525000000000000E+00         0.985809094018033E-02         0.126797974098125E-03
         0.535000000000000E+00         0.967333097269098E-02         0.140469999183724E-03
         0.545000000000000E+00         0.997421193373351E-02         0.163980149472037E-03
         0.555000000000000E+00         0.100224207189569E-01         0.186198240132855E-03
         0.565000000000000E+00         0.983701473759522E-02         0.207188879845914E-03
         0.575000000000000E+00         0.993504734272288E-02         0.238809582950256E-03
         0.585000000000000E+00         0.975731277609523E-02         0.266121609269421E-03
         0.595000000000000E+00         0.992261157568032E-02         0.309205294434064E-03
         0.605000000000000E+00         0.979785014658459E-02         0.347647373634670E-03
         0.615000000000000E+00         0.978355708965905E-02         0.396692657052886E-03
         0.625000000000000E+00         0.984985426330799E-02         0.457947851278408E-03
         0.635000000000000E+00         0.983749924799948E-02         0.522578406258212E-03
         0.645000000000000E+00         0.980503705091437E-02         0.600832947461114E-03
         0.655000000000000E+00         0.983628797198884E-02         0.689458642463258E-03
         0.665000000000000E+00         0.954760052278673E-02         0.771867648259526E-03
         0.675000000000000E+00         0.982369070147820E-02         0.914945371818509E-03
         0.685000000000000E+00         0.984420164192501E-02         0.106085731468265E-02
         0.695000000000000E+00         0.101267519593399E-01         0.125474346214851E-02
         0.705000000000000E+00         0.992035052712713E-02         0.142644460013433E-02
         0.715000000000000E+00         0.972921117264842E-02         0.161832100361747E-02
         0.725000000000000E+00         0.974293896743565E-02         0.188230918694106E-02
         0.735000000000000E+00         0.986180551994628E-02         0.220910391759702E-02
         0.745000000000000E+00         0.985292282920160E-02         0.257149733646182E-02
         0.755000000000000E+00         0.980673283732927E-02         0.297688797582604E-02
         0.765000000000000E+00         0.975230616858459E-02         0.345432670021107E-02
         0.775000000000000E+00         0.967486525563778E-02         0.399998481826357E-02
         0.785000000000000E+00         0.998083357592500E-02         0.481723921829044E-02
         0.795000000000000E+00         0.981254696218033E-02         0.552822046014104E-02
         0.805000000000000E+00         0.100129727660739E-01         0.663017824656553E-02
         0.815000000000000E+00         0.963489314728672E-02         0.747481913049949E-02
         0.825000000000000E+00         0.995507377276543E-02         0.904112198929517E-02
         0.835000000000000E+00         0.976684148071225E-02         0.103989955748838E-01
         0.845000000000000E+00         0.981303147258458E-02         0.122645372104385E-01
         0.855000000000000E+00         0.961341318603140E-02         0.142023232563458E-01
         0.865000000000000E+00         0.981957236304203E-02         0.170795372606212E-01
         0.875000000000000E+00         0.990718799447820E-02         0.203442235672503E-01
         0.885000000000000E+00         0.979163226306331E-02         0.236133182003192E-01
         0.895000000000000E+00         0.985494162255267E-02         0.280773586788078E-01
         0.905000000000000E+00         0.100048975926697E-01         0.336238729741118E-01
         0.915000000000000E+00         0.971298007410587E-02         0.387848217918098E-01
         0.925000000000000E+00         0.989580199997820E-02         0.466964920377734E-01
         0.935000000000000E+00         0.983959879308458E-02         0.553121544344347E-01
         0.945000000000000E+00         0.987391828005267E-02         0.656684327811578E-01
         0.955000000000000E+00         0.990000109014841E-02         0.784683948580236E-01
         0.965000000000000E+00         0.990912603609522E-02         0.931596292776668E-01
         0.975000000000000E+00         0.976934478446756E-02         0.109721540457091E+00
         0.985000000000000E+00         0.981496951420161E-02         0.130821855689626E+00
         0.995000000000000E+00         0.975408270673352E-02         0.155186457895678E+00
