         0.500000000000000E-02         0.988191359636837E-02         0.970986678711629E-02
         0.150000000000000E-01         0.998016415272352E-02         0.985007762945415E-02
         0.250000000000000E-01         0.100824326716457E-01         0.991185675324177E-02
         0.350000000000000E-01         0.993028076840123E-02         0.978619200224919E-02
         0.450000000000000E-01         0.101840188950376E-01         0.100479356549379E-01
         0.550000000000000E-01         0.992861293488285E-02         0.975668067922711E-02
         0.650000000000000E-01         0.101438392693676E-01         0.100170396091149E-01
         0.750000000000000E-01         0.999479560131653E-02         0.983018649544960E-02
         0.850000000000000E-01         0.992216903265277E-02         0.976187909462095E-02
         0.950000000000000E-01         0.100756855269577E-01         0.994450329684282E-02
         0.105000000000000E+00         0.996780702256465E-02         0.981991386762053E-02
         0.115000000000000E+00         0.100380834621798E-01         0.989637531242774E-02
         0.125000000000000E+00         0.991466378182008E-02         0.976911403947804E-02
         0.135000000000000E+00         0.988540088463406E-02         0.974270638622770E-02
         0.145000000000000E+00         0.101205654107249E-01         0.999565969788017E-02
         0.155000000000000E+00         0.999881356388352E-02         0.985256558569222E-02
         0.165000000000000E+00         0.100621912375817E-01         0.990540303040223E-02
         0.175000000000000E+00         0.994529127006660E-02         0.980080742890466E-02
         0.185000000000000E+00         0.102650604419077E-01         0.101032105700533E-01
         0.195000000000000E+00         0.100029073370650E-01         0.984375159288652E-02
         0.205000000000000E+00         0.101366372609928E-01         0.100161255055511E-01
         0.215000000000000E+00         0.100152644672238E-01         0.990200509947639E-02
         0.225000000000000E+00         0.988911560474317E-02         0.977963431400961E-02
         0.235000000000000E+00         0.100261053850933E-01         0.991063328973001E-02
         0.245000000000000E+00         0.983309156064868E-02         0.972227047195205E-02
         0.255000000000000E+00         0.977373184951745E-02         0.968225095028132E-02
         0.265000000000000E+00         0.100367946817338E-01         0.991607010487812E-02
         0.275000000000000E+00         0.100859199599113E-01         0.993937299396985E-02
         0.285000000000000E+00         0.996795864379359E-02         0.987420445128139E-02
         0.295000000000000E+00         0.995370624827294E-02         0.986934196417961E-02
         0.305000000000000E+00         0.101823510615192E-01         0.100787200117173E-01
         0.315000000000000E+00         0.100691658141131E-01         0.997129806491099E-02
         0.325000000000000E+00         0.100058639510294E-01         0.991145385701248E-02
         0.335000000000000E+00         0.101452038604281E-01         0.100452555352832E-01
         0.345000000000000E+00         0.101224606760866E-01         0.100083381729702E-01
         0.355000000000000E+00         0.101045693710714E-01         0.100177854792300E-01
         0.365000000000000E+00         0.100073801633188E-01         0.990437206541813E-02
         0.375000000000000E+00         0.999858613204010E-02         0.991926753849780E-02
         0.385000000000000E+00         0.100165532476699E-01         0.995986817086676E-02
         0.395000000000000E+00         0.999828288958222E-02         0.993620280715325E-02
         0.405000000000000E+00         0.998910980523116E-02         0.993198565676841E-02
         0.415000000000000E+00         0.997902699350644E-02         0.991503298963338E-02
         0.425000000000000E+00         0.989154154440626E-02         0.983712943470637E-02
         0.435000000000000E+00         0.100049542236557E-01         0.994564216642584E-02
         0.445000000000000E+00         0.100061671934873E-01         0.994725219066151E-02
         0.455000000000000E+00         0.100012395035466E-01         0.994572677225465E-02
         0.465000000000000E+00         0.986121729861763E-02         0.982852389782954E-02
         0.475000000000000E+00         0.999267290411132E-02         0.995134942973611E-02
         0.485000000000000E+00         0.991345081198854E-02         0.985053887205098E-02
         0.495000000000000E+00         0.988153454329601E-02         0.989008793527541E-02
         0.505000000000000E+00         0.100091238074517E-01         0.996453263897101E-02
         0.515000000000000E+00         0.999381006332840E-02         0.997511140856237E-02
         0.525000000000000E+00         0.100324734767089E-01         0.100339914474485E-01
         0.535000000000000E+00         0.992482240415927E-02         0.988920925113174E-02
         0.545000000000000E+00         0.993786182984838E-02         0.995042965400230E-02
         0.555000000000000E+00         0.994908180079017E-02         0.995312899100768E-02
         0.565000000000000E+00         0.100783388984642E-01         0.100751302450556E-01
         0.575000000000000E+00         0.995711772592416E-02         0.997268888971997E-02
         0.585000000000000E+00         0.992057700974887E-02         0.994535322520554E-02
         0.595000000000000E+00         0.100282280822985E-01         0.100287173654384E-01
         0.605000000000000E+00         0.100751548526564E-01         0.100715029283952E-01
         0.615000000000000E+00         0.984870854722982E-02         0.988085616057881E-02
         0.625000000000000E+00         0.101549834296949E-01         0.101990836554050E-01
         0.635000000000000E+00         0.997326538680660E-02         0.999540263597068E-02
         0.645000000000000E+00         0.994688329297050E-02         0.999086308716619E-02
         0.655000000000000E+00         0.998168036501295E-02         0.100437153952078E-01
         0.665000000000000E+00         0.994809626280204E-02         0.998869823407313E-02
         0.675000000000000E+00         0.100365672498904E-01         0.100945153930184E-01
         0.685000000000000E+00         0.994521545945212E-02         0.100407283625653E-01
         0.695000000000000E+00         0.101277674190997E-01         0.101890716357453E-01
         0.705000000000000E+00         0.100671189275224E-01         0.101600294847356E-01
         0.715000000000000E+00         0.990821987959000E-02         0.999419805420284E-02
         0.725000000000000E+00         0.990223084104675E-02         0.100092640066353E-01
         0.735000000000000E+00         0.988380886173016E-02         0.996174368311355E-02
         0.745000000000000E+00         0.100308814538050E-01         0.101340853714775E-01
         0.755000000000000E+00         0.100596136766897E-01         0.101654789711646E-01
         0.765000000000000E+00         0.993596656448659E-02         0.100663035339864E-01
         0.775000000000000E+00         0.996576013597392E-02         0.100738679091383E-01
         0.785000000000000E+00         0.987789563380138E-02         0.100195735990426E-01
         0.795000000000000E+00         0.999092925997848E-02         0.101202985165442E-01
         0.805000000000000E+00         0.100332315828536E-01         0.101722392328589E-01
         0.815000000000000E+00         0.990829569020447E-02         0.100688869416216E-01
         0.825000000000000E+00         0.101522542475740E-01         0.103021617861284E-01
         0.835000000000000E+00         0.997046039407115E-02         0.101055564215752E-01
         0.845000000000000E+00         0.987956346731975E-02         0.100057976374843E-01
         0.855000000000000E+00         0.991898498684496E-02         0.101033843131356E-01
         0.865000000000000E+00         0.101241285096050E-01         0.102825848555501E-01
         0.875000000000000E+00         0.100223906649842E-01         0.102087768432640E-01
         0.885000000000000E+00         0.990116949244415E-02         0.100620475841196E-01
         0.895000000000000E+00         0.101323160559679E-01         0.103093974875538E-01
         0.905000000000000E+00         0.101872029408454E-01         0.103839838873560E-01
         0.915000000000000E+00         0.100386141364811E-01         0.102494058822858E-01
         0.925000000000000E+00         0.100701513521013E-01         0.102912023922962E-01
         0.935000000000000E+00         0.999964748064271E-02         0.101993926216911E-01
         0.945000000000000E+00         0.990541488685455E-02         0.101550371547024E-01
         0.955000000000000E+00         0.998077063763929E-02         0.102330980447535E-01
         0.965000000000000E+00         0.101204896001104E-01         0.103599975813544E-01
         0.975000000000000E+00         0.990177597735992E-02         0.101632674680925E-01
         0.985000000000000E+00         0.100201163465500E-01         0.103165565090480E-01
         0.995000000000000E+00         0.100264844381656E-01         0.102861859128792E-01
