   5.0000000000000001E-003  0.98580121703853951       0.98349956901859381     
   1.4999999999999999E-002  0.96519965385090867       0.96182403167924757     
   2.5000000000000001E-002  0.93917377206677077       0.93753003363767418     
   3.5000000000000003E-002  0.91417008939357336       0.91508176862507573     
   4.4999999999999998E-002  0.88674626865671646       0.88465187996678918     
   5.5000000000000000E-002  0.85345252774352653       0.85328327897101364     
   6.5000000000000002E-002  0.82545852058787805       0.81361814156644530     
   7.4999999999999997E-002  0.77730886850152903       0.78004895960832310     
   8.5000000000000006E-002  0.74024685232276877       0.74459651947730232     
   9.5000000000000001E-002  0.70493516071538320       0.70041937640551877     
  0.10500000000000000       0.65914235027833856       0.65556438305934117     
  0.11500000000000000       0.60565185546875000       0.60052490234375000     
  0.12500000000000000       0.56171657919110840       0.56156303760137627     
  0.13500000000000001       0.49743589743589745       0.49841644414084330     
  0.14499999999999999       0.41582682330490789       0.42497568093385213     
  0.15500000000000000       0.37744360902255641       0.36800048798340856     
  0.16500000000000001       0.28815041539134240       0.28297564504461054     
  0.17499999999999999       0.21544104383380433       0.21773261120915233     
  0.18500000000000000       0.15795213571644956       0.15561650369663727     
  0.19500000000000001       0.11488151658767773       0.10971049457177322     
  0.20499999999999999        7.8680357251351848E-002   7.7844675545824971E-002
  0.21500000000000000        6.0294026425159727E-002   5.7763710511899692E-002
  0.22500000000000001        4.7979320345501543E-002   4.3827387519921539E-002
  0.23499999999999999        3.7216828478964403E-002   3.4119782214156083E-002
  0.24500000000000000        2.9794431433775696E-002   2.8148056296112594E-002
  0.25500000000000000        2.9184608024058506E-002   2.7157738095238096E-002
  0.26500000000000001        2.3057382921904512E-002   1.8635425518999636E-002
  0.27500000000000002        1.9866234024236807E-002   1.8834786821705425E-002
  0.28499999999999998        1.3940520446096654E-002   1.4016967908520842E-002
  0.29499999999999998        1.3802760552110422E-002   1.2796179513867630E-002
  0.30499999999999999        1.2151067323481117E-002   1.0830110086283843E-002
  0.31500000000000000        9.8071052802494001E-003   9.1498515421438529E-003
  0.32500000000000001        9.0577261051777748E-003   9.0527577937649876E-003
  0.33500000000000002        7.8104315594387077E-003   7.2983895289221307E-003
  0.34499999999999997        6.7594433399602383E-003   7.2672672672672673E-003
  0.35499999999999998        6.3005703674227347E-003   4.9499045801526713E-003
  0.36499999999999999        4.6807957352749969E-003   4.9261083743842365E-003
  0.37500000000000000        6.0930201069663526E-003   5.3695324283559581E-003
  0.38500000000000001        4.3472618738645214E-003   4.0295500335795834E-003
  0.39500000000000002        4.2816678743165804E-003   4.3121773458852115E-003
  0.40500000000000003        3.7400051586278051E-003   3.2834731849689892E-003
  0.41499999999999998        2.6828093829538418E-003   2.0144060554266878E-003
  0.42499999999999999        3.0393128510075983E-003   2.6838097615778304E-003
  0.43500000000000000        3.2388128759336375E-003   2.9150977772379448E-003
  0.44500000000000001        1.8851979457843073E-003   2.1169781648823563E-003
  0.45500000000000002        2.0995997637950265E-003   1.7561920910797555E-003
  0.46500000000000002        2.4498444017744818E-003   2.4832381425378696E-003
  0.47499999999999998        2.1935655410795000E-003   1.9489615689140629E-003
  0.48499999999999999        1.0542267905383146E-003   1.1691588209956311E-003
  0.49500000000000000        1.5882469724042088E-003   1.4210688909484090E-003
  0.50500000000000000        1.7818253811126509E-003   1.2754327361068935E-003
  0.51500000000000001        1.2654855468229652E-003   1.4083644602290123E-003
  0.52500000000000002        1.3061650992685476E-003   1.2074378169524269E-003
  0.53500000000000003        8.0402010050251258E-004   9.2415747643398438E-004
  0.54500000000000004        7.8109744190587780E-004   1.1598803491850314E-003
  0.55500000000000005        1.0343267179520330E-003   6.6606115652437182E-004
  0.56499999999999995        9.9443118536197300E-004   9.1474570069520673E-004
  0.57499999999999996        1.3537033455811255E-003   1.0362694300518134E-003
  0.58499999999999996        6.6688896298766251E-004   1.3496104533464205E-003
  0.59499999999999997        6.5061808718282373E-004   9.0733123639003140E-004
  0.60499999999999998        7.9734219269102995E-004   3.5990642432967427E-004
  0.61499999999999999        9.3389366953505434E-004   6.7821690609778658E-004
  0.62500000000000000        1.9770660340055358E-004   6.5077205229840853E-004
  0.63500000000000001        6.6015315553208343E-004   6.1747452917567151E-004
  0.64500000000000002        7.2983014861995748E-004   4.9215625961242693E-004
  0.65500000000000003        8.0439737230191715E-004   4.9452926995116522E-004
  0.66500000000000004        8.1488523699578975E-004   3.6812074360390208E-004
  0.67500000000000004        6.6334991708126036E-004   4.2944785276073622E-004
  0.68500000000000005        3.9598732840549105E-004   4.2936882782310007E-004
  0.69499999999999995        2.5526483726866624E-004   4.8128985681626760E-004
  0.70499999999999996        3.9128733533324640E-004   3.5964754540550260E-004
  0.71499999999999997        3.3995104704922493E-004   4.3076923076923077E-004
  0.72499999999999998        4.7138047138047136E-004   3.6670333700036670E-004
  0.73499999999999999        6.5415058546477404E-004   1.8717244821562265E-004
  0.74500000000000000        3.9893617021276594E-004   8.4977238239757210E-004
  0.75500000000000000        6.5837118967673969E-005   2.9758362099750030E-004
  0.76500000000000001        2.0005334755934917E-004   3.6500790850468428E-004
  0.77500000000000002        8.0639741952825755E-004   5.5248618784530391E-004
  0.78500000000000003        3.8348459670203247E-004   2.4905049498785876E-004
  0.79500000000000004        6.6431940476981328E-005   2.4329420351560123E-004
  0.80500000000000005        2.6427061310782242E-004   3.0374825344754269E-004
  0.81499999999999995        3.3715441672285906E-004   1.8415075808728745E-004
  0.82499999999999996        3.9138943248532291E-004   2.3664438265396675E-004
  0.83499999999999996        1.3325338130455060E-004   6.1466592906755184E-005
  0.84499999999999997        1.9748535316963992E-004   3.0778701138811941E-004
  0.85499999999999998        1.3645357167223852E-004   2.4316109422492402E-004
  0.86499999999999999        2.0018684105164820E-004   1.7906171660498986E-004
  0.87500000000000000        0.0000000000000000        6.0518034374243522E-005
  0.88500000000000001        2.6479544551833708E-004   1.2275963663147557E-004
  0.89500000000000002        1.9718680163007755E-004   1.2052549114137640E-004
  0.90500000000000003        2.5581990278843696E-004   2.4009603841536616E-004
  0.91500000000000004        6.6238325495131484E-005   1.2137395314965408E-004
  0.92500000000000004        2.6402640264026401E-004   3.0049882805457061E-004
  0.93500000000000005        1.3218770654329148E-004   1.2181751735899622E-004
  0.94499999999999995        5.1958173670195494E-004   3.0866102845854683E-004
  0.95499999999999996        1.3208294809140139E-004   2.4428972761695369E-004
  0.96499999999999997        2.6505864422503479E-004   1.8264840182648402E-004
  0.97499999999999998        2.6519923092223032E-004   1.2240651202643981E-004
  0.98499999999999999        6.6542454085706686E-005   6.0664887163309877E-005
  0.99500000000000000        0.0000000000000000        6.0827250608272509E-005
