    0.1000000000E+04    0.8378166024E+00    0.3043867750E-02   -0.5234196393E+01   -0.7010258404E-02
    0.2000000000E+04    0.8518194122E+00    0.3865105364E-02   -0.5371086087E+01   -0.2564242693E-02
    0.3000000000E+04    0.8633896357E+00    0.3311584548E-02   -0.5403408529E+01   -0.1545050072E+00
    0.4000000000E+04    0.8411742921E+00    0.1662489000E-02   -0.5329771734E+01   -0.1776588752E-01
    0.5000000000E+04    0.8247856510E+00    0.1942095920E-02   -0.5258012045E+01    0.1486905837E-17
    0.6000000000E+04    0.8492903737E+00    0.8314039580E-03   -0.5401974315E+01    0.0000000000E+00
    0.7000000000E+04    0.8558744559E+00    0.5540968180E-03   -0.5357687244E+01    0.0000000000E+00
    0.8000000000E+04    0.8368682211E+00    0.1386454023E-02   -0.5265668407E+01    0.6938893904E-18
    0.9000000000E+04    0.8392933893E+00    0.2215597989E-02   -0.5363787148E+01   -0.1192665637E+00
    0.1000000000E+05    0.8352187008E+00    0.1940066096E-02   -0.5207939808E+01   -0.6195440986E-19
    0.1100000000E+05    0.8154296027E+00    0.2774257142E-02   -0.5151196732E+01   -0.8254868359E-01
    0.1200000000E+05    0.8331993755E+00    0.3871892022E-02   -0.5160407425E+01   -0.1025909337E+00
    0.1300000000E+05    0.8432937310E+00    0.3042268848E-02   -0.5330223413E+01   -0.1379893674E-18
    0.1400000000E+05    0.8295642190E+00    0.2770306596E-02   -0.5227347023E+01   -0.2993019789E-02
    0.1500000000E+05    0.8535006353E+00    0.1936638541E-02   -0.5414078453E+01   -0.1384322994E+00
    0.1600000000E+05    0.8393908052E+00    0.1386107581E-02   -0.5269175725E+01    0.2949029909E-17
    0.1700000000E+05    0.8496758073E+00    0.2764930213E-02   -0.5310402791E+01   -0.9898373305E-03
    0.1800000000E+05    0.8379515691E+00    0.1663015699E-02   -0.5268306355E+01   -0.3469446952E-17
    0.1900000000E+05    0.8453715594E+00    0.2490266664E-02   -0.5340956766E+01    0.0000000000E+00
    0.2000000000E+05    0.8291028492E+00    0.2770433245E-02   -0.5251289341E+01   -0.8172459065E-03
    0.2100000000E+05    0.8464153883E+00    0.2765783065E-02   -0.5368557082E+01   -0.1644156302E+00
    0.2200000000E+05    0.8524366176E+00    0.2212805946E-02   -0.5262152505E+01   -0.1184612682E+00
    0.2300000000E+05    0.8528551603E+00    0.2488501335E-02   -0.5296233676E+01    0.0000000000E+00
    0.2400000000E+05    0.8382527669E+00    0.2767949684E-02   -0.5327352830E+01   -0.2127513164E+00
    0.2500000000E+05    0.8477551009E+00    0.2489700748E-02   -0.5305952003E+01   -0.1813675255E-02
    0.2600000000E+05    0.8294382992E+00    0.1664428378E-02   -0.5241327977E+01   -0.3471857603E-01
    0.2700000000E+05    0.8299859640E+00    0.8330034709E-03   -0.5223720331E+01    0.0000000000E+00
    0.2800000000E+05    0.8451216828E+00    0.1661849789E-02   -0.5354249297E+01   -0.1693135702E-01
    0.2900000000E+05    0.8241810093E+00    0.1942215265E-02   -0.5193247075E+01    0.4956352789E-18
    0.3000000000E+05    0.8366359778E+00    0.2492370542E-02   -0.5239567269E+01    0.0000000000E+00
    0.3100000000E+05    0.8196832477E+00    0.2496592090E-02   -0.5207896840E+01   -0.4510551520E-01
    0.3200000000E+05    0.8408286568E+00    0.1938997172E-02   -0.5280560470E+01   -0.2884966385E-03
    0.3300000000E+05    0.8341739245E+00    0.1940266888E-02   -0.5258951287E+01    0.0000000000E+00
    0.3400000000E+05    0.8273073852E+00    0.1387787865E-02   -0.5127415387E+01    0.0000000000E+00
    0.3500000000E+05    0.8375895317E+00    0.1109451051E-02   -0.5215675990E+01    0.0000000000E+00
    0.3600000000E+05    0.8476235970E+00    0.1937722950E-02   -0.5367820679E+01   -0.1142693826E+00
    0.3700000000E+05    0.8252700906E+00    0.1388076421E-02   -0.5141211646E+01    0.0000000000E+00
    0.3800000000E+05    0.8494765788E+00    0.1384744681E-02   -0.5354636431E+01   -0.9703062100E-01
    0.3900000000E+05    0.8384358456E+00    0.1109357607E-02   -0.5270168087E+01    0.0000000000E+00
    0.4000000000E+05    0.8365334883E+00    0.2492395508E-02   -0.5193339600E+01   -0.4399798743E-02
    0.4100000000E+05    0.8459586616E+00    0.2765903102E-02   -0.5368455466E+01   -0.5551115123E-16
    0.4200000000E+05    0.8720601991E+00    0.1933317528E-02   -0.5479835887E+01    0.0000000000E+00
    0.4300000000E+05    0.8632948473E+00    0.2486093853E-02   -0.5428020801E+01    0.0000000000E+00
    0.4400000000E+05    0.8461243350E+00    0.3316862982E-02   -0.5327545683E+01   -0.1700093995E-03
    0.4500000000E+05    0.8427608652E+00    0.3042423418E-02   -0.5337112546E+01    0.0000000000E+00
    0.4600000000E+05    0.8431484151E+00    0.1385595687E-02   -0.5329922126E+01    0.0000000000E+00
    0.4700000000E+05    0.8467859788E+00    0.1937878829E-02   -0.5436292721E+01    0.0000000000E+00
    0.4800000000E+05    0.8506263376E+00    0.2489023590E-02   -0.5343754488E+01    0.0000000000E+00
    0.4900000000E+05    0.8497810101E+00    0.2764902812E-02   -0.5278248144E+01   -0.7970482635E-01
    0.5000000000E+05    0.8276624926E+00    0.2770829615E-02   -0.5279304042E+01   -0.9370049319E-02
    0.5100000000E+05    0.8563440922E+00    0.3038548081E-02   -0.5410774558E+01    0.4415659757E-16
    0.5200000000E+05    0.8473948675E+00    0.2765526110E-02   -0.5431613379E+01   -0.4233812464E-03
    0.5300000000E+05    0.8421723539E+00    0.1938743431E-02   -0.5298881107E+01    0.0000000000E+00
    0.5400000000E+05    0.8272036436E+00    0.1110614673E-02   -0.5294212097E+01    0.0000000000E+00
    0.5500000000E+05    0.8428166787E+00    0.8319315058E-03   -0.5252643976E+01    0.0000000000E+00
    0.5600000000E+05    0.8536279553E+00    0.1936615227E-02   -0.5444970350E+01   -0.4950800198E-02
    0.5700000000E+05    0.8408236888E+00    0.1662546088E-02   -0.5333601623E+01   -0.5449922920E-16
    0.5800000000E+05    0.8252072071E+00    0.2495195889E-02   -0.5248288690E+01   -0.4315618511E-05
    0.5900000000E+05    0.8412424183E+00    0.1938918945E-02   -0.5277765144E+01    0.0000000000E+00
    0.6000000000E+05    0.8148023831E+00    0.2774435889E-02   -0.5145310375E+01   -0.4107399936E-01
    0.6100000000E+05    0.8230059461E+00    0.3600119849E-02   -0.5168756742E+01   -0.7783094216E-01
    0.6200000000E+05    0.8450315394E+00    0.3041766219E-02   -0.5329372715E+01   -0.2551506354E-01
    0.6300000000E+05    0.8401388256E+00    0.2767445021E-02   -0.5265812922E+01   -0.9257517884E-01
    0.6400000000E+05    0.8347881252E+00    0.1940148781E-02   -0.5277731798E+01    0.0000000000E+00
    0.6500000000E+05    0.8288081334E+00    0.1664534197E-02   -0.5269710440E+01    0.0000000000E+00
    0.6600000000E+05    0.8303397199E+00    0.2493916648E-02   -0.5195103714E+01   -0.1362974783E+00
    0.6700000000E+05    0.8498520565E+00    0.1937309854E-02   -0.5348887691E+01   -0.4943774282E-01
    0.6800000000E+05    0.8497746211E+00    0.1661104574E-02   -0.5380590353E+01    0.0000000000E+00
    0.6900000000E+05    0.8550756638E+00    0.2212256505E-02   -0.5339023530E+01   -0.1527101399E-01
    0.7000000000E+05    0.8298097633E+00    0.2217672100E-02   -0.5284372891E+01   -0.4119968255E-17
    0.7100000000E+05    0.8240409458E+00    0.2771832853E-02   -0.5172266773E+01   -0.2063165154E-02
    0.7200000000E+05    0.8509756553E+00    0.2488941543E-02   -0.5280440125E+01   -0.6785901069E-01
    0.7300000000E+05    0.8396841147E+00    0.2491631052E-02   -0.5319973226E+01   -0.1493741196E-02
    0.7400000000E+05    0.8478007626E+00    0.2213780068E-02   -0.5329827859E+01   -0.5231275482E-17
    0.7500000000E+05    0.8436177285E+00    0.2214668976E-02   -0.5271175591E+01    0.3252606517E-18
    0.7600000000E+05    0.8487086988E+00    0.5544817376E-03   -0.5321333505E+01    0.0000000000E+00
    0.7700000000E+05    0.8435274320E+00    0.1662107171E-02   -0.5314506977E+01    0.0000000000E+00
    0.7800000000E+05    0.8423323220E+00    0.1938713281E-02   -0.5272040998E+01   -0.9586177166E-01
    0.7900000000E+05    0.8540848278E+00    0.1936531629E-02   -0.5406302502E+01    0.0000000000E+00
    0.8000000000E+05    0.8398037638E+00    0.1662712455E-02   -0.5269629016E+01    0.0000000000E+00
    0.8100000000E+05    0.8288982903E+00    0.2494274182E-02   -0.5303431603E+01   -0.7709882115E-18
    0.8200000000E+05    0.8431606483E+00    0.3042307432E-02   -0.5297912134E+01    0.0000000000E+00
    0.8300000000E+05    0.8359409355E+00    0.2492539980E-02   -0.5359051782E+01   -0.5429567875E-02
    0.8400000000E+05    0.8304268136E+00    0.3046061158E-02   -0.5254376263E+01    0.2838638415E-17
    0.8500000000E+05    0.8529877390E+00    0.2488470362E-02   -0.5360988841E+01    0.0000000000E+00
    0.8600000000E+05    0.8477315239E+00    0.2213794704E-02   -0.5314007976E+01   -0.3507814114E-04
    0.8700000000E+05    0.8234583085E+00    0.1388334338E-02   -0.5164171988E+01   -0.4163336342E-16
    0.8800000000E+05    0.8349180875E+00    0.5552426853E-03   -0.5262775683E+01    0.0000000000E+00
    0.8900000000E+05    0.8194993754E+00    0.1666117909E-02   -0.5182846230E+01   -0.1156482317E-17
    0.9000000000E+05    0.8408121504E+00    0.1662547968E-02   -0.5289006455E+01   -0.5176255502E-01
    0.9100000000E+05    0.8326874098E+00    0.1663885533E-02   -0.5266530607E+01    0.0000000000E+00
    0.9200000000E+05    0.8385385106E+00    0.1386224380E-02   -0.5289118888E+01    0.0000000000E+00
    0.9300000000E+05    0.8412537808E+00    0.1938916798E-02   -0.5386237605E+01   -0.1332686506E+00
    0.9400000000E+05    0.8265951924E+00    0.3598842087E-02   -0.5259966073E+01   -0.7419292766E-02
    0.9500000000E+05    0.8540861656E+00    0.3589439488E-02   -0.5449245041E+01    0.0000000000E+00
    0.9600000000E+05    0.8306534266E+00    0.3872845524E-02   -0.5321022835E+01   -0.2770439889E-01
    0.9700000000E+05    0.8530923442E+00    0.3589768012E-02   -0.5389109188E+01    0.0000000000E+00
    0.9800000000E+05    0.8316864028E+00    0.3321458942E-02   -0.5323798892E+01   -0.1769813238E-01
    0.9900000000E+05    0.8319190883E+00    0.1664013486E-02   -0.5231987459E+01    0.0000000000E+00
    0.1000000000E+06    0.8313341150E+00    0.2217335262E-02   -0.5256442761E+01   -0.4741713514E-01
