   6.94067198353907        8.83505093976829     
         256
    0.4263721771E+00    0.6803810787E+00    0.1058991495E+01    1
    0.2140321063E+01    0.3657231684E+01    0.5896304959E+01    1
    0.1702197318E+01    0.6319279218E+01    0.3630512104E+01    1
    0.1420249553E+01    0.7068973476E+01    0.2898133683E+01    2
    0.6874763842E+01    0.3772475944E+01    0.3405072020E+01    1
    0.5499193755E+01    0.4709608072E+01    0.2603574902E+01    1
    0.4253976886E+01    0.1006507939E+01    0.2372337164E+01    1
    0.6631731419E+01    0.2856689051E+00    0.3512774043E+01    1
    0.1323441992E+01    0.1377487502E+01    0.4492694743E+01    1
    0.8878014711E+00    0.4185696442E+01    0.7921138525E+00    1
    0.3541388650E+01    0.6013382584E+01    0.5083585849E+01    1
    0.7659514215E+01    0.6961123130E+01    0.5198604232E+01    2
    0.4636102797E+01    0.8862692945E+00    0.8711405688E+01    2
    0.8806968105E+00    0.4191104368E+01    0.3043519108E+01    1
    0.4110864421E+01    0.3872623566E+01    0.4602869646E+01    1
    0.4692253292E+01    0.2055636785E+01    0.5821757190E+01    1
    0.1539540004E+01    0.5301469463E+01    0.4624965859E+01    1
    0.6104708818E+01    0.6088711953E+01    0.2587311348E+00    1
    0.3709991069E+01    0.2411221179E+01    0.2356905353E+01    1
    0.7101517625E+01    0.2902312843E+01    0.5150724656E+01    2
    0.5408229836E+01    0.1847129435E+01    0.6511971792E+01    1
    0.2996520741E+01    0.5963272534E+01    0.1352962340E+01    1
    0.4012883978E+00    0.4490662399E+01    0.4833490563E+01    1
    0.3069724923E+01    0.4899885783E+01    0.2858603523E+01    1
    0.3206008423E+01    0.4498028699E+01    0.4115168524E+01    1
    0.1309837519E+01    0.5898527557E+01    0.2770950035E+00    1
    0.3346678587E+01    0.1057990116E+01    0.1710317871E+01    1
    0.5851362867E+01    0.2971089327E+01    0.5508184771E+01    1
    0.5910702096E+01    0.4304790401E+01    0.3694068045E+01    1
    0.1985426024E+01    0.4363110782E+01    0.4008118986E+01    1
    0.6790092808E+00    0.1799644862E+01    0.2955317416E+01    1
    0.4885838792E+01    0.4169848987E+01    0.3775036254E+01    1
    0.1742522297E+01    0.2258820488E+01    0.5528003591E+01    1
    0.2039601591E+01    0.4452197804E+01    0.1932939970E+01    2
    0.2707328894E+01    0.6036352515E+01    0.2915181140E+00    1
    0.5405047416E+01    0.3332155112E+01    0.3099599849E+01    2
    0.5992503034E+01    0.3870824394E+01    0.1958240548E+01    1
    0.4484857226E+01    0.6085269607E+00    0.4734886009E+01    1
    0.1492079850E+01    0.5918289756E+01    0.5374950317E+01    1
    0.2815476277E+01    0.2168370282E+01    0.4036344109E+01    1
    0.2275088649E+01    0.3127252116E+01    0.2094428407E+01    1
    0.4744676023E+01    0.1688155684E+01    0.2992380400E+01    1
    0.6796897748E+01    0.2199958197E+01    0.2447351313E+01    1
    0.2633690099E+01    0.1345838828E+01    0.6533749850E+01    1
    0.2866808487E+00    0.7869918990E+01    0.4059628352E+01    2
    0.5658128355E+01    0.4212305845E+01    0.2101722988E-01    2
    0.3943075323E+01    0.2781535353E+01    0.6386673950E+01    1
    0.2634416389E+01    0.4942581953E+00    0.5603514029E+01    1
    0.3655431172E+01    0.3832759022E+01    0.6751178789E+01    1
    0.3767324457E+01    0.1899496919E+01    0.3354414686E+01    1
    0.2303867682E+00    0.2320178255E+01    0.6893105400E+01    1
    0.2665146499E+00    0.3341819461E+01    0.4769108121E+01    1
    0.4864513437E+01    0.2026169803E+01    0.1610684064E+01    1
    0.1517016480E+01    0.4032111877E+01    0.5069193636E+01    1
    0.2090685391E+01    0.4436740852E+01    0.3001311754E+01    1
    0.1870574025E+01    0.6798620303E+01    0.4891542525E+01    1
    0.6348736712E+01    0.5820353780E+01    0.3036546860E+01    1
    0.4662724088E+01    0.3363413760E+01    0.2195493839E+01    1
    0.9856271914E+00    0.9578191195E-01    0.1823703433E+01    1
    0.5978216936E+00    0.3587971522E+01    0.2799301316E+01    2
    0.4222934540E+01    0.4165701045E+01    0.5873235973E+01    2
    0.3905462165E+01    0.6372876384E+01    0.6577808834E+01    1
    0.5966889519E+01    0.9801010320E+00    0.7739768044E+01    2
    0.6778902340E+01    0.4390399664E+01    0.9387715536E+00    1
    0.8939302714E+00    0.1816050702E+01    0.7504501864E+00    1
    0.3598339085E+01    0.1140599146E+01    0.5581825299E+01    1
    0.6081612331E+01    0.4427292153E+01    0.5008595298E+01    1
    0.5469593631E+01    0.1636460846E+01    0.9152521711E+00    1
    0.3045843555E+01    0.4397288315E+01    0.4474831350E+01    2
    0.1010536054E+01    0.5184582613E+01    0.9612106162E+00    1
    0.2697996155E+01    0.1282935472E+00    0.4154252259E+01    2
    0.1835854633E+01    0.3553352682E+01    0.1147589370E+01    1
    0.3894631710E-04    0.6009523841E+01    0.5563698403E+01    2
    0.3417918395E+00    0.6336438792E+01    0.3292275778E+01    1
    0.8721234886E-02    0.5816600923E+01    0.6182888095E+01    1
    0.4228747984E+01    0.6763901777E+01    0.4003337137E+01    1
    0.2450213352E+01    0.4567922558E+01    0.3329265424E+01    2
    0.6503016956E+01    0.6924531790E+01    0.6302116348E+01    1
    0.3245576522E+01    0.1266513957E+01    0.5474580704E+00    1
    0.8114037708E-01    0.4680867531E+01    0.6508588003E+01    2
    0.4008848210E+01    0.6912125564E+01    0.5252508500E+01    1
    0.8283150155E+01    0.3159946290E+01    0.3275722408E+01    2
    0.4875249495E+01    0.2634720854E+01    0.2015535994E+00    1
    0.4962190614E+01    0.5681315295E+01    0.2350349234E+01    1
    0.2654837837E+01    0.4253116503E+01    0.1979704700E+01    1
    0.6669389810E+00    0.1842595150E+01    0.1854559417E+01    1
    0.8215531715E-01    0.6969490461E+01    0.4466475991E+01    2
    0.5947855493E+01    0.1843977463E+01    0.1978416878E+01    1
    0.4292466891E+00    0.6043485852E+01    0.4736781491E+01    1
    0.3027403014E+01    0.4543538369E+01    0.6221973584E+00    1
    0.3811913138E+01    0.4726978436E+01    0.5155120183E+01    1
    0.6479484350E+01    0.2551118396E+01    0.4434562150E+01    1
    0.3131623626E+01    0.9038032429E+00    0.4001731992E+01    1
    0.4708025681E+01    0.3095729304E+01    0.4868267430E+01    1
    0.2707561159E+01    0.5998254858E+01    0.3504714929E+01    1
    0.6037363376E+01    0.3266726486E+01    0.7252567630E+00    1
    0.9404578756E+00    0.6802956047E+01    0.4396053509E+01    1
    0.3651783157E+01    0.1981430978E+01    0.1268099483E+01    1
    0.3968246352E+01    0.4831716085E+01    0.3303646547E+01    1
    0.6911076142E+01    0.9625701533E+00    0.9529381904E-01    1
    0.5198819669E+01    0.2344226969E+00    0.1316752004E+01    1
    0.4410392603E+01    0.6849792091E+00    0.3494188693E+01    1
    0.1467002405E+01    0.3341217040E+01    0.2362648048E+00    1
    0.1155765501E+01    0.6526954779E+01    0.6259572697E+01    1
    0.3024496363E+01    0.3123740947E+01    0.4596570432E+01    1
    0.2612632112E+01    0.5335614733E+01    0.4309843664E+01    1
    0.5246457160E+01    0.4887737973E+01    0.5210126527E+00    1
    0.2205457343E+01    0.2061342471E+01    0.1760773908E+00    1
    0.5894612555E+01    0.3592626558E+00    0.1995657942E+01    1
    0.6874991879E+01    0.4434272932E+01    0.2527531926E+01    1
    0.4701322711E+01    0.1929174869E+01    0.4141882788E+01    1
    0.6245132355E+01    0.1976732264E+01    0.1938897099E+00    1
    0.4325298475E+01    0.4530747356E+01    0.6184440607E+01    1
    0.4933829650E+01    0.3860220938E+01    0.5973102957E+00    1
    0.3262549892E+01    0.3363692250E+01    0.1519774233E+01    1
    0.2306709216E+01    0.6770352676E+01    0.6417334548E+01    1
    0.5672546337E+01    0.1867322594E+01    0.4406538798E+01    1
    0.1607830395E+01    0.8164590511E+01    0.5606833209E+01    2
    0.2603294197E+01    0.3108293422E+01    0.3795223505E+00    1
    0.6283334599E+01    0.4992754918E+01    0.9785504690E-01    1
    0.5903132980E+01    0.5405224800E+01    0.3928027859E+01    1
    0.1211896042E+01    0.5112212442E+01    0.6080199028E+01    1
    0.4857803175E+00    0.4911343251E+01    0.2768543084E-01    1
    0.2218757935E+01    0.3488986780E+00    0.2248654663E+01    1
    0.6522353760E+01    0.1263458164E+01    0.3048306614E+01    1
    0.2322019125E+00    0.1591037659E+01    0.4589825139E+01    1
    0.5236399314E+01    0.2980862776E+01    0.1380931145E+01    1
    0.3925861130E+01    0.4240251316E+01    0.2127803181E+01    1
    0.5721084072E+01    0.2650220973E+00    0.2478711556E+00    1
    0.5235989513E+01    0.6929402206E+01    0.3720177538E+01    1
    0.3892210129E+01    0.5354776144E+01    0.1906294354E+01    1
    0.5005805197E+01    0.7960622793E+01    0.1884454986E+01    2
    0.4269037979E+01    0.1827846553E+01    0.6872223683E+01    1
    0.3636105581E+01    0.1721257220E+00    0.2327558632E+01    1
    0.4506415550E+01    0.2806237794E+01    0.3154480375E+01    1
    0.4574548831E+01    0.6407642376E+00    0.1315018307E+00    1
    0.4828024511E+01    0.3412379070E+01    0.6030541835E+01    1
    0.6695043349E+01    0.3946400487E+01    0.5562389393E+01    1
    0.2963383123E+01    0.2108014157E+01    0.5338192456E+01    1
    0.3716218645E+01    0.3334139357E+01    0.3739179611E+01    1
    0.3913918293E+01    0.5968312078E+01    0.2940134842E+01    1
    0.9211031413E+00    0.5444547144E+01    0.1976346889E+01    1
    0.6740079100E+01    0.6315375559E+01    0.4381852119E+01    2
    0.5969937492E+01    0.4915924314E+01    0.1315404968E+01    1
    0.6766310908E+01    0.4104704700E+01    0.6601538557E+01    1
    0.2744659359E+01    0.6351407356E+01    0.2002349446E+01    2
    0.1428083452E+01    0.2932211458E+01    0.4820059844E+01    1
    0.4588036350E+01    0.2602919417E-01    0.2548287138E+01    1
    0.2591825440E+01    0.4210197693E-01    0.1203130388E+01    1
    0.1277789141E+01    0.2392477708E+01    0.6826562800E+01    1
    0.6783540027E+01    0.5029497825E+01    0.5570745385E+01    1
    0.3742936735E+01    0.2928666673E+00    0.1026586617E+01    1
    0.3996035271E+01    0.5199636768E+01    0.4225589510E+01    1
    0.3886996366E+01    0.7274323617E-01    0.8735302319E+01    2
    0.6855201330E+01    0.1710955430E+01    0.1189097585E+01    1
    0.3199654509E+01    0.1088012734E+01    0.2813370039E+01    1
    0.3887543553E+01    0.2465071539E+01    0.5008023283E+01    1
    0.5893670410E+01    0.1375488768E+01    0.6569820427E+01    2
    0.6356593198E+01    0.8600068165E+01    0.1759282681E+01    2
    0.5049564209E+00    0.1599274406E+01    0.5758191619E+01    1
    0.6289578217E+00    0.3440832228E+00    0.5505527947E+01    1
    0.2009175854E+01    0.4005613071E+01    0.6649406930E+01    2
    0.1494542701E+01    0.2363352568E+01    0.3751080174E+01    1
    0.3131804639E+01    0.2410236007E+00    0.1831321478E+00    1
    0.1847743416E+01    0.6288667849E+01    0.1551794506E+01    1
    0.5660898649E+01    0.3574699349E+01    0.6745494403E+01    1
    0.2227493384E+01    0.3674317057E+00    0.2615894059E+01    2
    0.3168302490E+01    0.2541231065E+00    0.1654219583E+01    2
    0.2970384622E+01    0.5939253311E+01    0.2302555348E+01    1
    0.1392136553E+01    0.9330341290E-01    0.8042108331E+00    1
    0.4795807020E+01    0.5755539068E+01    0.3448456609E+01    1
    0.5926954645E+01    0.6226756759E+01    0.1334945723E+01    1
    0.4347512381E+01    0.6426712930E+01    0.1536143145E+01    1
    0.2549495595E+00    0.5364757041E+01    0.3920467786E+01    1
    0.6839337077E+01    0.6880990018E+01    0.1979509484E+01    1
    0.3135445383E+01    0.8562241084E+01    0.7959466283E+01    2
    0.8977454558E+00    0.3244916344E+01    0.3630753295E+01    1
    0.2712652291E+01    0.2271253953E+01    0.1881547808E+01    1
    0.8564318455E+00    0.5066432088E+00    0.3546350179E+01    1
    0.2382552611E+00    0.1072537304E+01    0.2178635592E+01    1
    0.6139147104E+01    0.1162236511E+01    0.4987327180E+01    1
    0.6439583803E+01    0.2985506757E+01    0.1836276622E+01    1
    0.4935948128E+01    0.6490547846E+01    0.2942991077E+00    1
    0.4459034878E+01    0.4359439207E+01    0.3318877330E+01    2
    0.3349724480E+01    0.5566281994E+01    0.3253317466E+01    2
    0.4229085814E+01    0.4604929626E+01    0.2487928006E+00    1
    0.3672631842E+01    0.3349551033E+01    0.5349523778E+01    2
    0.3873603240E+01    0.1465919091E+01    0.4679834870E+01    1
    0.4632804181E+01    0.8013211262E+00    0.6909726728E+01    2
    0.2214826753E+01    0.5275541465E+01    0.8850899430E+00    1
    0.5263265856E+01    0.2551308990E+01    0.2340878986E+01    1
    0.9206881309E+00    0.3900373270E+01    0.5979422271E+01    1
    0.1604545301E+01    0.1640867909E+01    0.2460590679E+01    1
    0.1525977426E+01    0.3572322122E+01    0.7739170021E+01    2
    0.2901373979E+01    0.2402973679E+01    0.6513711601E+01    1
    0.2582191772E+01    0.2371199756E+01    0.2996051052E+01    1
    0.1330127906E+01    0.1382367865E+01    0.6431798969E+01    1
    0.6967202346E+01    0.5538466831E+01    0.8765149604E+01    2
    0.5191127351E+01    0.4821741011E+01    0.4465541403E+01    1
    0.2771167467E+00    0.1553546205E+01    0.3437999809E+01    2
    0.1351122326E+01    0.4200247806E+01    0.1878904041E+01    1
    0.6246805954E+01    0.3033875938E+01    0.2972551842E+01    1
    0.1501352155E+01    0.1056510231E+01    0.1450472186E+01    1
    0.5536408899E+01    0.6490995889E+01    0.2697660923E+01    1
    0.4233601802E+01    0.2893695511E+01    0.1393883637E+01    1
    0.3700138177E+01    0.5446362543E+01    0.6449261520E+00    1
    0.5866027862E+01    0.4289577623E+01    0.5999097599E+01    1
    0.1579432844E+01    0.4553889357E+00    0.5830245556E+01    1
    0.2623457862E+01    0.3485954143E+01    0.3626016976E+01    1
    0.4920827731E+01    0.4226606047E+01    0.5420067518E+01    1
    0.5135794635E+01    0.3176813970E+01    0.3920040590E+01    1
    0.2356862886E+01    0.4600537431E+01    0.6328209217E+01    1
    0.1521270545E+01    0.6098316661E+01    0.2633236165E+01    1
    0.9890915171E+00    0.5327201119E+01    0.6110988055E+01    2
    0.4542587450E+01    0.5410015327E+01    0.5429963284E+01    1
    0.5737493298E+01    0.5399962780E+01    0.5215518932E+01    1
    0.2563210336E+01    0.6273503722E+01    0.5501696756E+01    1
    0.2329036837E+01    0.1130291491E+01    0.4656484022E+01    1
    0.7799364915E+01    0.3896892406E+01    0.4851885683E+01    2
    0.3604648615E+01    0.2760370613E+01    0.5709086227E+00    1
    0.4833563669E+01    0.5341998017E+01    0.6461981003E+01    1
    0.4793769399E+01    0.4863659486E+01    0.1739940475E+01    1
    0.9131667318E+00    0.2880923877E+01    0.1011275389E+01    1
    0.6442192663E+01    0.2869597425E+01    0.6373680974E+01    1
    0.2970443531E+01    0.6819756638E+01    0.4525792502E+01    1
    0.5359232432E+01    0.3607579665E+01    0.2947126935E+01    1
    0.2951097106E+01    0.6895527842E+01    0.3118064825E+01    1
    0.2230687279E+01    0.1292313917E+01    0.3669768405E+01    1
    0.6201762048E+01    0.6395348589E+01    0.4170014448E+01    1
    0.6891443593E+01    0.9013533994E+00    0.6822100022E+01    2
    0.2042229885E+01    0.2504866744E+01    0.1192376879E+01    1
    0.1950945563E+01    0.5581844111E+01    0.1570927309E+01    2
    0.4421317408E+01    0.1023571118E+01    0.1219258722E+01    1
    0.5394451171E+01    0.8284418958E+00    0.2766483158E+01    1
    0.6292648438E+01    0.3565813160E+01    0.4265689591E+01    1
    0.6362933740E+01    0.1311368096E+01    0.6232062841E+01    1
    0.6348744721E+01    0.5484441167E+01    0.2037153804E+01    1
    0.6848003221E+01    0.6801782229E+01    0.8262792081E+00    1
    0.8507260341E+00    0.5596209265E+01    0.4193314301E+01    2
    0.2122459959E+01    0.5167048912E+01    0.1900472358E+01    1
    0.5392968067E+01    0.5377151064E+00    0.5770689211E+01    1
    0.5094838891E+01    0.5974822199E+01    0.4385798402E+01    1
    0.8595046080E+00    0.2880406332E+01    0.2650303553E+01    1
    0.4546044246E+01    0.5822285527E+01    0.3695203418E+01    2
    0.6267913382E+01    0.8377575362E+00    0.1191674328E+01    1
    0.5678530788E+01    0.9311841247E+00    0.4007841123E+01    1
    0.2639669513E+01    0.4546414506E+01    0.5336573980E+01    1
    0.7697391259E+01    0.2159312172E+01    0.7295316491E+01    2
    0.5704375008E+01    0.2317381081E+01    0.3469048306E+01    1
    0.3844223961E+00    0.3630267467E+01    0.1804889691E+01    1
    0.6406980248E+01    0.6144889104E+01    0.5321308273E+01    1
    0.6911932654E+01    0.5586892678E+01    0.6914401669E+00    1
    0.3477427227E+01    0.3401928524E+01    0.5552027108E+01    1
    0.1568422282E+00    0.3231978927E+01    0.4751401673E+00    1
    0.6170963118E+00    0.2131374667E+00    0.1026115373E+00    1
    0.3106638898E-01    0.4279044420E+00    0.4548470457E+01    1
