           1   2.80958699848309        2.09220830968537     
           2   2.82770238186243        2.09109976862652     
           3   2.86221420931518        2.09276833793125     
           4   2.90170576995337        2.09730046206682     
           5   2.95304752566542        2.10121558092949     
           6   3.00776667182640        2.10198497492927     
           7   3.06731153157400        2.10768274069989     
           8   3.14154975623931        2.11073489269721     
           9   3.22389808232044        2.11542267600538     
          10   3.30609219788237        2.11892100643682     
          11   3.39146565243085        2.11848860643769     
          12   3.48666149692651        2.12184022473463     
          13   3.56813247010952        2.12172243235853     
          14   3.65583128808003        2.12287658387866     
          15   3.74307046941553        2.12321726662389     
          16   3.81185905795775        2.11971336946188     
          17   3.87907672610799        2.12255238439784     
          18   3.93507046235207        2.12073332611600     
          19   3.97672608585277        2.12000426144872     
          20   4.01364278649000        2.11752522451122     
          21   4.03769032862661        2.10875817619036     
          22   4.04966769797008        2.10987942196852     
          23   4.05548487958698        2.10762474980579     
          24   4.05652274898561        2.10514208779298     
          25   4.05633265572844        2.09950536113793     
          26   4.05073716545130        2.09450085820859     
          27   4.03969875510818        2.09209494845314     
          28   4.02367859656869        2.08802367363037     
          29   4.00004211357866        2.08144006344870     
          30   3.98313616929093        2.07977140908061     
          31   3.96263551901308        2.07391334744200     
          32   3.93618555036614        2.07082531892753     
          33   3.91034144321941        2.06371892570028     
          34   3.87542032130608        2.05878022507820     
          35   3.84807314940796        2.05069278030908     
          36   3.81725163918844        2.04982889850266     
          37   3.78430587958655        2.03979810114418     
          38   3.74705681292881        2.03624284259887     
          39   3.70971877584864        2.03051527776856     
          40   3.67191421391316        2.02525867391919     
          41   3.63251094272193        2.01899768399855     
          42   3.59217240975167        2.01341350850579     
          43   3.55447109373368        2.00468848164627     
          44   3.51120042844321        2.00118292693499     
          45   3.46609574953088        1.99446742556672     
          46   3.42483634708382        1.98632692841881     
          47   3.37922977526748        1.98382667376796     
          48   3.33058383369608        1.98081111553985     
          49   3.28441181852696        1.96979709888006     
          50   3.23845930818500        1.96438241460051     
          51   3.18789130718073        1.95777901872339     
          52   3.13626609289311        1.94869576705989     
          53   3.08907035157513        1.94351613761035     
          54   3.03678772318939        1.93551073881668     
          55   2.98404423239038        1.92747933541835     
          56   2.93072967732344        1.92098855057989     
          57   2.87762717501559        1.91657022127309     
          58   2.81919922941155        1.90173668454958     
          59   2.76764360456181        1.89748356063599     
          60   2.70686091937314        1.88988497592848     
          61   2.65332570610410        1.88490609184142     
          62   2.59627714920834        1.87406783090420     
          63   2.53863426694465        1.86948709816494     
          64   2.48035110226159        1.86101306341112     
          65   2.42224100088364        1.84884793404121     
          66   2.36162778805010        1.84444806008844     
          67   2.30432669302334        1.83293248183126     
          68   2.23987555425327        1.82652833436364     
          69   2.18041555873909        1.81663791704229     
          70   2.11556233955492        1.80960277918342     
          71   2.05548363651933        1.80157885264385     
          72   1.99261671223296        1.79102031662714     
          73   1.92848293414180        1.78539116489691     
          74   1.86424397188575        1.77523305095854     
          75   1.79726778865537        1.76220282794487     
          76   1.73054795962857        1.75531646897923     
          77   1.67027854210589        1.74945236340596     
          78   1.60071837832761        1.74004737693325     
          79   1.53142586616138        1.72708210462605     
          80   1.46406767141788        1.71942227380569     
          81   1.39754676457864        1.70906821300565     
          82   1.32961427254924        1.69856179006537     
          83   1.25709858610149        1.68855164406259     
          84   1.18840183990263        1.67958887391533     
          85   1.11499512967244        1.66848564536510     
          86   1.04443453733727        1.65601526335283     
          87  0.974300311163177        1.64985081655479     
          88  0.902942018638693        1.63875317222009     
          89  0.828912594404416        1.62698960182362     
          90  0.761013770822447        1.61904419947101     
          91  0.681625302233225        1.60412554654116     
          92  0.613426357002859        1.59821363592557     
          93  0.535229959387162        1.58508485873060     
          94  0.459839362153382        1.57331626898034     
          95  0.386434247585788        1.56238226927001     
          96  0.310115498296987        1.55266497103748     
          97  0.234637125737202        1.54247853382015     
          98  0.153245528470964        1.52639561625741     
          99  7.666788083857856E-002   1.51587642651715     
         100  0.000000000000000E+000   1.50579119114211     
