0.000000 0.000000 0.0
0.010000 0.000501 0.025036
0.020000 0.000892 0.022298
0.030000 0.001203 0.020042
0.040000 0.001461 0.018263
0.050000 0.001669 0.016691
0.060000 0.001838 0.015320
0.070000 0.001965 0.014039
0.080000 0.002075 0.012970
0.090000 0.002164 0.012024
0.100000 0.002242 0.011208
0.110000 0.002281 0.010367
0.120000 0.002343 0.009762
0.130000 0.002376 0.009139
0.140000 0.002404 0.008586
0.150000 0.002433 0.008111
0.160000 0.002459 0.007685
0.170000 0.002464 0.007247
0.180000 0.002485 0.006903
0.190000 0.002503 0.006587
0.200000 0.002507 0.006268
0.210000 0.002516 0.005991
0.220000 0.002528 0.005745
0.230000 0.002539 0.005520
0.240000 0.002545 0.005302
0.250000 0.002551 0.005101
0.260000 0.002555 0.004913
0.270000 0.002549 0.004721
0.280000 0.002555 0.004562
0.290000 0.002557 0.004408
0.300000 0.002561 0.004268
0.310000 0.002574 0.004151
0.320000 0.002576 0.004025
0.330000 0.002580 0.003909
0.340000 0.002573 0.003784
0.350000 0.002569 0.003670
0.360000 0.002572 0.003573
0.370000 0.002574 0.003479
0.380000 0.002574 0.003387
0.390000 0.002572 0.003297
0.400000 0.002572 0.003215
0.410000 0.002569 0.003133
0.420000 0.002569 0.003059
0.430000 0.002568 0.002986
0.440000 0.002566 0.002916
0.450000 0.002559 0.002843
0.460000 0.002552 0.002774
0.470000 0.002557 0.002720
0.480000 0.002567 0.002674
0.490000 0.002562 0.002614
0.500000 0.002567 0.002567
0.510000 0.002567 0.002516
0.520000 0.002570 0.002471
0.530000 0.002569 0.002424
0.540000 0.002570 0.002380
0.550000 0.002573 0.002339
0.560000 0.002567 0.002292
0.570000 0.002569 0.002254
0.580000 0.002570 0.002216
0.590000 0.002565 0.002174
0.600000 0.002561 0.002134
0.610000 0.002554 0.002094
0.620000 0.002566 0.002070
0.630000 0.002558 0.002030
0.640000 0.002554 0.001996
0.650000 0.002565 0.001973
0.660000 0.002561 0.001940
0.670000 0.002558 0.001909
0.680000 0.002562 0.001884
0.690000 0.002558 0.001854
0.700000 0.002566 0.001833
0.710000 0.002578 0.001816
0.720000 0.002581 0.001792
0.730000 0.002578 0.001766
0.740000 0.002567 0.001735
0.750000 0.002563 0.001709
0.760000 0.002561 0.001685
0.770000 0.002561 0.001663
0.780000 0.002575 0.001650
0.790000 0.002574 0.001629
0.800000 0.002569 0.001605
0.810000 0.002572 0.001588
0.820000 0.002575 0.001570
0.830000 0.002584 0.001557
0.840000 0.002571 0.001530
0.850000 0.002569 0.001511
0.860000 0.002564 0.001491
0.870000 0.002569 0.001476
0.880000 0.002564 0.001457
0.890000 0.002559 0.001438
0.900000 0.002567 0.001426
0.910000 0.002574 0.001414
0.920000 0.002575 0.001399
0.930000 0.002569 0.001381
0.940000 0.002564 0.001364
0.950000 0.002569 0.001352
0.960000 0.002566 0.001337
0.970000 0.002566 0.001323
0.980000 0.002563 0.001308
0.990000 0.002556 0.001291
1.000000 0.002553 0.001277
1.010000 0.002551 0.001263
1.020000 0.002560 0.001255
1.030000 0.002558 0.001242
1.040000 0.002569 0.001235
1.050000 0.002570 0.001224
1.060000 0.002568 0.001211
1.070000 0.002562 0.001197
1.080000 0.002568 0.001189
1.090000 0.002567 0.001177
1.100000 0.002569 0.001168
1.110000 0.002564 0.001155
1.120000 0.002583 0.001153
1.130000 0.002576 0.001140
1.140000 0.002569 0.001127
1.150000 0.002570 0.001117
1.160000 0.002566 0.001106
1.170000 0.002555 0.001092
1.180000 0.002558 0.001084
1.190000 0.002550 0.001071
1.200000 0.002561 0.001067
1.210000 0.002571 0.001062
1.220000 0.002572 0.001054
1.230000 0.002571 0.001045
1.240000 0.002571 0.001037
1.250000 0.002574 0.001030
1.260000 0.002572 0.001021
1.270000 0.002568 0.001011
1.280000 0.002572 0.001005
1.290000 0.002571 0.000997
1.300000 0.002568 0.000988
1.310000 0.002571 0.000981
1.320000 0.002571 0.000974
1.330000 0.002579 0.000969
1.340000 0.002576 0.000961
1.350000 0.002567 0.000951
1.360000 0.002566 0.000943
1.370000 0.002565 0.000936
1.380000 0.002561 0.000928
1.390000 0.002553 0.000918
1.400000 0.002555 0.000912
1.410000 0.002555 0.000906
1.420000 0.002557 0.000900
1.430000 0.002554 0.000893
1.440000 0.002553 0.000886
1.450000 0.002551 0.000880
1.460000 0.002555 0.000875
1.470000 0.002559 0.000871
1.480000 0.002559 0.000865
1.490000 0.002557 0.000858
1.500000 0.002556 0.000852
1.510000 0.002550 0.000844
1.520000 0.002561 0.000842
1.530000 0.002564 0.000838
1.540000 0.002565 0.000833
1.550000 0.002570 0.000829
1.560000 0.002571 0.000824
1.570000 0.002573 0.000819
1.580000 0.002576 0.000815
1.590000 0.002577 0.000811
1.600000 0.002575 0.000805
1.610000 0.002569 0.000798
1.620000 0.002573 0.000794
1.630000 0.002571 0.000789
1.640000 0.002573 0.000785
1.650000 0.002576 0.000781
1.660000 0.002570 0.000774
1.670000 0.002560 0.000767
1.680000 0.002569 0.000765
1.690000 0.002564 0.000758
1.700000 0.002557 0.000752
1.710000 0.002557 0.000748
1.720000 0.002569 0.000747
1.730000 0.002563 0.000741
1.740000 0.002557 0.000735
1.750000 0.002557 0.000731
1.760000 0.002561 0.000728
1.770000 0.002554 0.000721
1.780000 0.002564 0.000720
1.790000 0.002564 0.000716
1.800000 0.002563 0.000712
1.810000 0.002572 0.000711
1.820000 0.002573 0.000707
1.830000 0.002576 0.000704
1.840000 0.002572 0.000699
1.850000 0.002567 0.000694
1.860000 0.002572 0.000691
1.870000 0.002576 0.000689
1.880000 0.002573 0.000684
1.890000 0.002574 0.000681
1.900000 0.002574 0.000677
1.910000 0.002575 0.000674
1.920000 0.002581 0.000672
1.930000 0.002582 0.000669
1.940000 0.002582 0.000665
1.950000 0.002578 0.000661
1.960000 0.002576 0.000657
1.970000 0.002571 0.000653
1.980000 0.002581 0.000652
1.990000 0.002573 0.000646
2.000000 0.002570 0.000642
2.010000 0.002572 0.000640
2.020000 0.002571 0.000636
2.030000 0.002569 0.000633
2.040000 0.002566 0.000629
2.050000 0.002574 0.000628
2.060000 0.002577 0.000625
2.070000 0.002570 0.000621
2.080000 0.002568 0.000617
2.090000 0.002565 0.000614
2.100000 0.002570 0.000612
2.110000 0.002572 0.000610
2.120000 0.002581 0.000609
2.130000 0.002575 0.000604
2.140000 0.002559 0.000598
2.150000 0.002561 0.000596
2.160000 0.002563 0.000593
2.170000 0.002554 0.000589
2.180000 0.002557 0.000586
2.190000 0.002551 0.000582
2.200000 0.002564 0.000583
2.210000 0.002566 0.000581
2.220000 0.002576 0.000580
2.230000 0.002578 0.000578
2.240000 0.002565 0.000572
2.250000 0.002569 0.000571
2.260000 0.002570 0.000569
2.270000 0.002568 0.000566
2.280000 0.002566 0.000563
2.290000 0.002574 0.000562
2.300000 0.002571 0.000559
2.310000 0.002565 0.000555
2.320000 0.002556 0.000551
2.330000 0.002554 0.000548
2.340000 0.002554 0.000546
2.350000 0.002558 0.000544
2.360000 0.002565 0.000543
2.370000 0.002565 0.000541
2.380000 0.002566 0.000539
2.390000 0.002564 0.000536
2.400000 0.002568 0.000535
2.410000 0.002566 0.000532
2.420000 0.002568 0.000531
2.430000 0.002569 0.000529
2.440000 0.002567 0.000526
2.450000 0.002552 0.000521
2.460000 0.002552 0.000519
2.470000 0.002546 0.000515
2.480000 0.002554 0.000515
2.490000 0.002568 0.000516
2.500000 0.002565 0.000513
2.510000 0.002559 0.000510
2.520000 0.002560 0.000508
2.530000 0.002570 0.000508
2.540000 0.002566 0.000505
2.550000 0.002579 0.000506
2.560000 0.002580 0.000504
2.570000 0.002577 0.000501
2.580000 0.002567 0.000497
2.590000 0.002574 0.000497
2.600000 0.002571 0.000494
2.610000 0.002559 0.000490
2.620000 0.002572 0.000491
2.630000 0.002573 0.000489
2.640000 0.002565 0.000486
2.650000 0.002570 0.000485
2.660000 0.002572 0.000484
2.670000 0.002567 0.000481
2.680000 0.002571 0.000480
2.690000 0.002561 0.000476
2.700000 0.002563 0.000475
2.710000 0.002569 0.000474
2.720000 0.002581 0.000474
2.730000 0.002577 0.000472
2.740000 0.002562 0.000467
2.750000 0.002568 0.000467
2.760000 0.002569 0.000465
2.770000 0.002570 0.000464
2.780000 0.002571 0.000462
2.790000 0.002564 0.000459
2.800000 0.002563 0.000458
2.810000 0.002574 0.000458
2.820000 0.002579 0.000457
2.830000 0.002586 0.000457
2.840000 0.002581 0.000454
2.850000 0.002572 0.000451
2.860000 0.002576 0.000450
2.870000 0.002574 0.000449
2.880000 0.002581 0.000448
2.890000 0.002578 0.000446
2.900000 0.002586 0.000446
2.910000 0.002592 0.000445
2.920000 0.002591 0.000444
2.930000 0.002585 0.000441
2.940000 0.002585 0.000440
2.950000 0.002585 0.000438
2.960000 0.002571 0.000434
2.970000 0.002563 0.000431
2.980000 0.002569 0.000431
2.990000 0.002570 0.000430
3.000000 0.002562 0.000427
3.010000 0.002569 0.000427
3.020000 0.002574 0.000426
3.030000 0.002575 0.000425
3.040000 0.002571 0.000423
3.050000 0.002575 0.000422
3.060000 0.002574 0.000421
3.070000 0.002563 0.000417
3.080000 0.002566 0.000416
3.090000 0.002569 0.000416
3.100000 0.002571 0.000415
3.110000 0.002557 0.000411
3.120000 0.002571 0.000412
3.130000 0.002556 0.000408
3.140000 0.002561 0.000408
3.150000 0.002555 0.000406
3.160000 0.002553 0.000404
3.170000 0.002554 0.000403
3.180000 0.002553 0.000401
3.190000 0.002548 0.000399
3.200000 0.002557 0.000400
3.210000 0.002554 0.000398
3.220000 0.002560 0.000398
3.230000 0.002558 0.000396
3.240000 0.002556 0.000395
3.250000 0.002561 0.000394
3.260000 0.002557 0.000392
3.270000 0.002562 0.000392
3.280000 0.002565 0.000391
3.290000 0.002579 0.000392
3.300000 0.002573 0.000390
3.310000 0.002579 0.000390
3.320000 0.002576 0.000388
3.330000 0.002580 0.000387
3.340000 0.002580 0.000386
3.350000 0.002573 0.000384
3.360000 0.002570 0.000382
3.370000 0.002566 0.000381
3.380000 0.002558 0.000378
3.390000 0.002557 0.000377
3.400000 0.002557 0.000376
3.410000 0.002562 0.000376
3.420000 0.002574 0.000376
3.430000 0.002570 0.000375
3.440000 0.002570 0.000373
3.450000 0.002565 0.000372
3.460000 0.002568 0.000371
3.470000 0.002568 0.000370
3.480000 0.002566 0.000369
3.490000 0.002568 0.000368
3.500000 0.002575 0.000368
3.510000 0.002567 0.000366
3.520000 0.002575 0.000366
3.530000 0.002573 0.000364
3.540000 0.002573 0.000363
3.550000 0.002581 0.000364
3.560000 0.002576 0.000362
3.570000 0.002568 0.000360
3.580000 0.002554 0.000357
3.590000 0.002567 0.000357
3.600000 0.002564 0.000356
3.610000 0.002559 0.000354
3.620000 0.002569 0.000355
3.630000 0.002563 0.000353
3.640000 0.002562 0.000352
3.650000 0.002562 0.000351
3.660000 0.002565 0.000350
3.670000 0.002565 0.000349
3.680000 0.002574 0.000350
3.690000 0.002568 0.000348
3.700000 0.002568 0.000347
3.710000 0.002571 0.000347
3.720000 0.002584 0.000347
3.730000 0.002572 0.000345
3.740000 0.002569 0.000343
3.750000 0.002570 0.000343
3.760000 0.002572 0.000342
3.770000 0.002567 0.000341
3.780000 0.002565 0.000339
3.790000 0.002563 0.000338
3.800000 0.002560 0.000337
3.810000 0.002574 0.000338
3.820000 0.002570 0.000336
3.830000 0.002574 0.000336
3.840000 0.002567 0.000334
3.850000 0.002576 0.000335
3.860000 0.002584 0.000335
3.870000 0.002590 0.000335
3.880000 0.002587 0.000333
3.890000 0.002576 0.000331
3.900000 0.002579 0.000331
3.910000 0.002575 0.000329
3.920000 0.002573 0.000328
3.930000 0.002571 0.000327
3.940000 0.002570 0.000326
3.950000 0.002566 0.000325
3.960000 0.002558 0.000323
3.970000 0.002559 0.000322
3.980000 0.002554 0.000321
3.990000 0.002546 0.000319
4.000000 0.002548 0.000318
4.010000 0.002545 0.000317
4.020000 0.002552 0.000317
4.030000 0.002554 0.000317
4.040000 0.002557 0.000317
4.050000 0.002558 0.000316
4.060000 0.002564 0.000316
4.070000 0.002561 0.000315
4.080000 0.002561 0.000314
4.090000 0.002563 0.000313
4.100000 0.002564 0.000313
4.110000 0.002553 0.000311
4.120000 0.002567 0.000312
4.130000 0.002567 0.000311
4.140000 0.002563 0.000309
4.150000 0.002558 0.000308
4.160000 0.002568 0.000309
4.170000 0.002562 0.000307
4.180000 0.002571 0.000308
4.190000 0.002562 0.000306
4.200000 0.002573 0.000306
4.210000 0.002576 0.000306
4.220000 0.002583 0.000306
4.230000 0.002577 0.000305
4.240000 0.002572 0.000303
4.250000 0.002574 0.000303
4.260000 0.002566 0.000301
4.270000 0.002556 0.000299
4.280000 0.002567 0.000300
4.290000 0.002574 0.000300
4.300000 0.002580 0.000300
4.310000 0.002585 0.000300
4.320000 0.002579 0.000298
4.330000 0.002581 0.000298
4.340000 0.002568 0.000296
4.350000 0.002555 0.000294
4.360000 0.002564 0.000294
4.370000 0.002568 0.000294
4.380000 0.002570 0.000293
4.390000 0.002570 0.000293
4.400000 0.002573 0.000292
4.410000 0.002578 0.000292
4.420000 0.002587 0.000293
4.430000 0.002589 0.000292
4.440000 0.002589 0.000292
4.450000 0.002587 0.000291
4.460000 0.002566 0.000288
4.470000 0.002559 0.000286
4.480000 0.002565 0.000286
4.490000 0.002562 0.000285
4.500000 0.002560 0.000284
4.510000 0.002557 0.000283
4.520000 0.002558 0.000283
4.530000 0.002563 0.000283
4.540000 0.002570 0.000283
4.550000 0.002575 0.000283
4.560000 0.002572 0.000282
4.570000 0.002571 0.000281
4.580000 0.002561 0.000280
4.590000 0.002564 0.000279
4.600000 0.002562 0.000278
4.610000 0.002560 0.000278
4.620000 0.002574 0.000279
4.630000 0.002575 0.000278
4.640000 0.002573 0.000277
4.650000 0.002572 0.000277
4.660000 0.002567 0.000275
4.670000 0.002554 0.000273
4.680000 0.002561 0.000274
4.690000 0.002557 0.000273
4.700000 0.002560 0.000272
4.710000 0.002573 0.000273
4.720000 0.002572 0.000272
4.730000 0.002567 0.000271
4.740000 0.002569 0.000271
4.750000 0.002575 0.000271
4.760000 0.002571 0.000270
4.770000 0.002562 0.000269
4.780000 0.002561 0.000268
4.790000 0.002580 0.000269
4.800000 0.002584 0.000269
4.810000 0.002596 0.000270
4.820000 0.002598 0.000269
4.830000 0.002595 0.000269
4.840000 0.002586 0.000267
4.850000 0.002582 0.000266
4.860000 0.002576 0.000265
4.870000 0.002571 0.000264
4.880000 0.002566 0.000263
4.890000 0.002556 0.000261
4.900000 0.002558 0.000261
4.910000 0.002566 0.000261
4.920000 0.002571 0.000261
4.930000 0.002571 0.000261
4.940000 0.002569 0.000260
4.950000 0.002571 0.000260
4.960000 0.002567 0.000259
4.970000 0.002563 0.000258
4.980000 0.002574 0.000258
4.990000 0.002570 0.000258
5.000000 0.002568 0.000257
5.010000 0.002561 0.000256
5.020000 0.002567 0.000256
5.030000 0.002573 0.000256
5.040000 0.002579 0.000256
5.050000 0.002571 0.000255
5.060000 0.002570 0.000254
5.070000 0.002569 0.000253
5.080000 0.002565 0.000252
5.090000 0.002564 0.000252
5.100000 0.002565 0.000251
5.110000 0.002561 0.000251
5.120000 0.002577 0.000252
5.130000 0.002567 0.000250
5.140000 0.002568 0.000250
5.150000 0.002562 0.000249
5.160000 0.002561 0.000248
5.170000 0.002550 0.000247
5.180000 0.002560 0.000247
5.190000 0.002563 0.000247
5.200000 0.002565 0.000247
5.210000 0.002567 0.000246
5.220000 0.002568 0.000246
5.230000 0.002559 0.000245
5.240000 0.002551 0.000243
5.250000 0.002562 0.000244
5.260000 0.002567 0.000244
5.270000 0.002558 0.000243
5.280000 0.002563 0.000243
5.290000 0.002561 0.000242
5.300000 0.002558 0.000241
5.310000 0.002574 0.000242
5.320000 0.002580 0.000243
5.330000 0.002589 0.000243
5.340000 0.002580 0.000242
5.350000 0.002572 0.000240
5.360000 0.002584 0.000241
5.370000 0.002586 0.000241
5.380000 0.002582 0.000240
5.390000 0.002582 0.000239
5.400000 0.002584 0.000239
5.410000 0.002575 0.000238
5.420000 0.002576 0.000238
5.430000 0.002575 0.000237
5.440000 0.002568 0.000236
5.450000 0.002574 0.000236
5.460000 0.002580 0.000236
5.470000 0.002570 0.000235
5.480000 0.002566 0.000234
5.490000 0.002561 0.000233
5.500000 0.002563 0.000233
5.510000 0.002558 0.000232
5.520000 0.002560 0.000232
5.530000 0.002562 0.000232
5.540000 0.002567 0.000232
5.550000 0.002568 0.000231
5.560000 0.002570 0.000231
5.570000 0.002565 0.000230
5.580000 0.002569 0.000230
5.590000 0.002577 0.000230
5.600000 0.002580 0.000230
5.610000 0.002571 0.000229
5.620000 0.002586 0.000230
5.630000 0.002571 0.000228
5.640000 0.002569 0.000228
5.650000 0.002576 0.000228
5.660000 0.002580 0.000228
5.670000 0.002569 0.000227
5.680000 0.002569 0.000226
5.690000 0.002561 0.000225
5.700000 0.002563 0.000225
5.710000 0.002574 0.000225
5.720000 0.002575 0.000225
5.730000 0.002568 0.000224
5.740000 0.002563 0.000223
5.750000 0.002565 0.000223
5.760000 0.002565 0.000223
5.770000 0.002569 0.000223
5.780000 0.002572 0.000223
5.790000 0.002565 0.000221
5.800000 0.002565 0.000221
5.810000 0.002576 0.000222
5.820000 0.002574 0.000221
5.830000 0.002582 0.000221
5.840000 0.002572 0.000220
5.850000 0.002566 0.000219
5.860000 0.002566 0.000219
5.870000 0.002567 0.000219
5.880000 0.002561 0.000218
5.890000 0.002560 0.000217
5.900000 0.002562 0.000217
5.910000 0.002563 0.000217
5.920000 0.002559 0.000216
5.930000 0.002562 0.000216
5.940000 0.002554 0.000215
5.950000 0.002551 0.000214
5.960000 0.002549 0.000214
5.970000 0.002553 0.000214
5.980000 0.002549 0.000213
5.990000 0.002547 0.000213
6.000000 0.002561 0.000213
6.010000 0.002559 0.000213
6.020000 0.002557 0.000212
6.030000 0.002555 0.000212
6.040000 0.002559 0.000212
6.050000 0.002565 0.000212
6.060000 0.002569 0.000212
6.070000 0.002567 0.000211
6.080000 0.002560 0.000211
6.090000 0.002564 0.000211
6.100000 0.002569 0.000211
6.110000 0.002567 0.000210
6.120000 0.002582 0.000211
6.130000 0.002569 0.000210
6.140000 0.002553 0.000208
6.150000 0.002551 0.000207
6.160000 0.002555 0.000207
6.170000 0.002545 0.000206
6.180000 0.002555 0.000207
6.190000 0.002548 0.000206
6.200000 0.002571 0.000207
6.210000 0.002565 0.000206
6.220000 0.002566 0.000206
6.230000 0.002571 0.000206
6.240000 0.002565 0.000206
6.250000 0.002569 0.000206
6.260000 0.002562 0.000205
6.270000 0.002559 0.000204
6.280000 0.002568 0.000204
6.290000 0.002573 0.000205
6.300000 0.002566 0.000204
6.310000 0.002580 0.000204
6.320000 0.002583 0.000204
6.330000 0.002587 0.000204
6.340000 0.002580 0.000203
6.350000 0.002576 0.000203
6.360000 0.002578 0.000203
6.370000 0.002578 0.000202
6.380000 0.002573 0.000202
6.390000 0.002571 0.000201
6.400000 0.002575 0.000201
6.410000 0.002576 0.000201
6.420000 0.002590 0.000202
6.430000 0.002582 0.000201
6.440000 0.002575 0.000200
6.450000 0.002574 0.000200
6.460000 0.002563 0.000198
6.470000 0.002565 0.000198
6.480000 0.002563 0.000198
6.490000 0.002559 0.000197
6.500000 0.002566 0.000197
6.510000 0.002564 0.000197
6.520000 0.002570 0.000197
6.530000 0.002578 0.000197
6.540000 0.002567 0.000196
6.550000 0.002575 0.000197
6.560000 0.002582 0.000197
6.570000 0.002578 0.000196
6.580000 0.002577 0.000196
6.590000 0.002577 0.000196
6.600000 0.002576 0.000195
6.610000 0.002566 0.000194
6.620000 0.002569 0.000194
6.630000 0.002567 0.000194
6.640000 0.002560 0.000193
6.650000 0.002562 0.000193
6.660000 0.002563 0.000192
6.670000 0.002563 0.000192
6.680000 0.002568 0.000192
6.690000 0.002569 0.000192
6.700000 0.002577 0.000192
6.710000 0.002581 0.000192
6.720000 0.002578 0.000192
6.730000 0.002574 0.000191
6.740000 0.002565 0.000190
6.750000 0.002573 0.000191
6.760000 0.002568 0.000190
6.770000 0.002560 0.000189
6.780000 0.002565 0.000189
6.790000 0.002563 0.000189
6.800000 0.002556 0.000188
6.810000 0.002566 0.000188
6.820000 0.002564 0.000188
6.830000 0.002569 0.000188
6.840000 0.002568 0.000188
6.850000 0.002557 0.000187
6.860000 0.002562 0.000187
6.870000 0.002564 0.000187
6.880000 0.002566 0.000186
6.890000 0.002563 0.000186
6.900000 0.002565 0.000186
6.910000 0.002557 0.000185
6.920000 0.002557 0.000185
6.930000 0.002569 0.000185
6.940000 0.002569 0.000185
6.950000 0.002569 0.000185
6.960000 0.002560 0.000184
6.970000 0.002567 0.000184
6.980000 0.002564 0.000184
6.990000 0.002570 0.000184
7.000000 0.002567 0.000183
7.010000 0.002571 0.000183
7.020000 0.002576 0.000183
7.030000 0.002574 0.000183
7.040000 0.002572 0.000183
7.050000 0.002580 0.000183
7.060000 0.002581 0.000183
7.070000 0.002576 0.000182
7.080000 0.002581 0.000182
7.090000 0.002577 0.000182
7.100000 0.002581 0.000182
7.110000 0.002565 0.000180
7.120000 0.002578 0.000181
7.130000 0.002572 0.000180
7.140000 0.002562 0.000179
7.150000 0.002562 0.000179
7.160000 0.002550 0.000178
7.170000 0.002547 0.000178
7.180000 0.002552 0.000178
7.190000 0.002552 0.000177
7.200000 0.002567 0.000178
7.210000 0.002564 0.000178
7.220000 0.002567 0.000178
7.230000 0.002561 0.000177
7.240000 0.002556 0.000176
7.250000 0.002558 0.000176
7.260000 0.002551 0.000176
7.270000 0.002545 0.000175
7.280000 0.002562 0.000176
7.290000 0.002572 0.000176
7.300000 0.002573 0.000176
7.310000 0.002584 0.000177
7.320000 0.002588 0.000177
7.330000 0.002597 0.000177
7.340000 0.002588 0.000176
7.350000 0.002575 0.000175
7.360000 0.002574 0.000175
7.370000 0.002567 0.000174
7.380000 0.002569 0.000174
7.390000 0.002563 0.000173
7.400000 0.002566 0.000173
7.410000 0.002568 0.000173
7.420000 0.002573 0.000173
7.430000 0.002574 0.000173
7.440000 0.002572 0.000173
7.450000 0.002575 0.000173
7.460000 0.002565 0.000172
7.470000 0.002568 0.000172
7.480000 0.002564 0.000171
7.490000 0.002564 0.000171
7.500000 0.002563 0.000171
7.510000 0.002558 0.000170
7.520000 0.002556 0.000170
7.530000 0.002563 0.000170
7.540000 0.002565 0.000170
7.550000 0.002564 0.000170
7.560000 0.002562 0.000169
7.570000 0.002557 0.000169
7.580000 0.002560 0.000169
7.590000 0.002572 0.000169
7.600000 0.002578 0.000170
7.610000 0.002567 0.000169
7.620000 0.002577 0.000169
7.630000 0.002572 0.000169
7.640000 0.002572 0.000168
7.650000 0.002571 0.000168
7.660000 0.002572 0.000168
7.670000 0.002569 0.000167
7.680000 0.002574 0.000168
7.690000 0.002568 0.000167
7.700000 0.002576 0.000167
7.710000 0.002578 0.000167
7.720000 0.002576 0.000167
7.730000 0.002567 0.000166
7.740000 0.002562 0.000165
7.750000 0.002568 0.000166
7.760000 0.002568 0.000165
7.770000 0.002563 0.000165
7.780000 0.002573 0.000165
7.790000 0.002566 0.000165
7.800000 0.002572 0.000165
7.810000 0.002589 0.000166
7.820000 0.002588 0.000165
7.830000 0.002590 0.000165
7.840000 0.002582 0.000165
7.850000 0.002580 0.000164
7.860000 0.002580 0.000164
7.870000 0.002583 0.000164
7.880000 0.002591 0.000164
7.890000 0.002577 0.000163
7.900000 0.002579 0.000163
7.910000 0.002582 0.000163
7.920000 0.002593 0.000164
7.930000 0.002597 0.000164
7.940000 0.002594 0.000163
7.950000 0.002590 0.000163
7.960000 0.002575 0.000162
7.970000 0.002574 0.000161
7.980000 0.002580 0.000162
7.990000 0.002582 0.000162
8.000000 0.002577 0.000161
8.010000 0.002564 0.000160
8.020000 0.002567 0.000160
8.030000 0.002561 0.000159
8.040000 0.002564 0.000159
8.050000 0.002572 0.000160
8.060000 0.002573 0.000160
8.070000 0.002565 0.000159
8.080000 0.002561 0.000158
8.090000 0.002568 0.000159
8.100000 0.002568 0.000159
8.110000 0.002562 0.000158
8.120000 0.002570 0.000158
8.130000 0.002569 0.000158
8.140000 0.002564 0.000158
8.150000 0.002564 0.000157
8.160000 0.002562 0.000157
8.170000 0.002549 0.000156
8.180000 0.002554 0.000156
8.190000 0.002556 0.000156
8.200000 0.002557 0.000156
8.210000 0.002564 0.000156
8.220000 0.002562 0.000156
8.230000 0.002551 0.000155
8.240000 0.002551 0.000155
8.250000 0.002553 0.000155
8.260000 0.002550 0.000154
8.270000 0.002547 0.000154
8.280000 0.002549 0.000154
8.290000 0.002543 0.000153
8.300000 0.002554 0.000154
8.310000 0.002572 0.000155
8.320000 0.002567 0.000154
8.330000 0.002573 0.000154
8.340000 0.002576 0.000154
8.350000 0.002566 0.000154
8.360000 0.002563 0.000153
8.370000 0.002568 0.000153
8.380000 0.002576 0.000154
8.390000 0.002566 0.000153
8.400000 0.002577 0.000153
8.410000 0.002587 0.000154
8.420000 0.002589 0.000154
8.430000 0.002583 0.000153
8.440000 0.002577 0.000153
8.450000 0.002575 0.000152
8.460000 0.002564 0.000152
8.470000 0.002564 0.000151
8.480000 0.002566 0.000151
8.490000 0.002568 0.000151
8.500000 0.002564 0.000151
8.510000 0.002562 0.000151
8.520000 0.002571 0.000151
8.530000 0.002559 0.000150
8.540000 0.002562 0.000150
8.550000 0.002566 0.000150
8.560000 0.002573 0.000150
8.570000 0.002569 0.000150
8.580000 0.002561 0.000149
8.590000 0.002567 0.000149
8.600000 0.002567 0.000149
8.610000 0.002557 0.000148
8.620000 0.002571 0.000149
8.630000 0.002571 0.000149
8.640000 0.002565 0.000148
8.650000 0.002567 0.000148
8.660000 0.002568 0.000148
8.670000 0.002566 0.000148
8.680000 0.002576 0.000148
8.690000 0.002566 0.000148
8.700000 0.002564 0.000147
8.710000 0.002573 0.000148
8.720000 0.002581 0.000148
8.730000 0.002573 0.000147
8.740000 0.002570 0.000147
8.750000 0.002572 0.000147
8.760000 0.002570 0.000147
8.770000 0.002562 0.000146
8.780000 0.002563 0.000146
8.790000 0.002566 0.000146
8.800000 0.002568 0.000146
8.810000 0.002577 0.000146
8.820000 0.002576 0.000146
8.830000 0.002576 0.000146
8.840000 0.002574 0.000146
8.850000 0.002562 0.000145
8.860000 0.002571 0.000145
8.870000 0.002571 0.000145
8.880000 0.002568 0.000145
8.890000 0.002558 0.000144
8.900000 0.002554 0.000143
8.910000 0.002556 0.000143
8.920000 0.002558 0.000143
8.930000 0.002560 0.000143
8.940000 0.002561 0.000143
8.950000 0.002563 0.000143
8.960000 0.002559 0.000143
8.970000 0.002557 0.000143
8.980000 0.002558 0.000142
8.990000 0.002565 0.000143
9.000000 0.002561 0.000142
9.010000 0.002557 0.000142
9.020000 0.002566 0.000142
9.030000 0.002564 0.000142
9.040000 0.002578 0.000143
9.050000 0.002572 0.000142
9.060000 0.002575 0.000142
9.070000 0.002576 0.000142
9.080000 0.002571 0.000142
9.090000 0.002574 0.000142
9.100000 0.002569 0.000141
9.110000 0.002570 0.000141
9.120000 0.002577 0.000141
9.130000 0.002574 0.000141
9.140000 0.002570 0.000141
9.150000 0.002561 0.000140
9.160000 0.002568 0.000140
9.170000 0.002559 0.000140
9.180000 0.002561 0.000139
9.190000 0.002564 0.000140
9.200000 0.002569 0.000140
9.210000 0.002580 0.000140
9.220000 0.002585 0.000140
9.230000 0.002572 0.000139
9.240000 0.002574 0.000139
9.250000 0.002577 0.000139
9.260000 0.002578 0.000139
9.270000 0.002573 0.000139
9.280000 0.002576 0.000139
9.290000 0.002578 0.000139
9.300000 0.002585 0.000139
9.310000 0.002588 0.000139
9.320000 0.002571 0.000138
9.330000 0.002575 0.000138
9.340000 0.002570 0.000138
9.350000 0.002564 0.000137
9.360000 0.002568 0.000137
9.370000 0.002564 0.000137
9.380000 0.002560 0.000136
9.390000 0.002560 0.000136
9.400000 0.002569 0.000137
9.410000 0.002569 0.000137
9.420000 0.002570 0.000136
9.430000 0.002575 0.000137
9.440000 0.002568 0.000136
9.450000 0.002566 0.000136
9.460000 0.002557 0.000135
9.470000 0.002566 0.000135
9.480000 0.002570 0.000136
9.490000 0.002570 0.000135
9.500000 0.002568 0.000135
9.510000 0.002575 0.000135
9.520000 0.002575 0.000135
9.530000 0.002575 0.000135
9.540000 0.002575 0.000135
9.550000 0.002572 0.000135
9.560000 0.002578 0.000135
9.570000 0.002574 0.000134
9.580000 0.002579 0.000135
9.590000 0.002588 0.000135
9.600000 0.002578 0.000134
9.610000 0.002574 0.000134
9.620000 0.002576 0.000134
9.630000 0.002565 0.000133
9.640000 0.002552 0.000132
9.650000 0.002556 0.000132
9.660000 0.002556 0.000132
9.670000 0.002556 0.000132
9.680000 0.002566 0.000133
9.690000 0.002563 0.000132
9.700000 0.002563 0.000132
9.710000 0.002565 0.000132
9.720000 0.002574 0.000132
9.730000 0.002567 0.000132
9.740000 0.002564 0.000132
9.750000 0.002568 0.000132
9.760000 0.002565 0.000131
9.770000 0.002562 0.000131
9.780000 0.002572 0.000132
9.790000 0.002573 0.000131
9.800000 0.002569 0.000131
9.810000 0.002573 0.000131
9.820000 0.002574 0.000131
9.830000 0.002578 0.000131
9.840000 0.002570 0.000131
9.850000 0.002568 0.000130
9.860000 0.002576 0.000131
9.870000 0.002564 0.000130
9.880000 0.002556 0.000129
9.890000 0.002563 0.000130
9.900000 0.002560 0.000129
9.910000 0.002563 0.000129
9.920000 0.002568 0.000129
9.930000 0.002565 0.000129
9.940000 0.002560 0.000129
9.950000 0.002568 0.000129
9.960000 0.002566 0.000129
9.970000 0.002565 0.000129
9.980000 0.002563 0.000128
