0 1.000000e+00
1 3.000000e+00
2 5.000000e+00
3 7.000000e+00
4 9.000000e+00
5 1.100000e+01
6 1.300000e+01
7 1.500000e+01
8 1.700000e+01
9 1.900000e+01
10 2.100000e+01
11 2.300000e+01
12 2.500000e+01
13 2.700000e+01
14 2.900000e+01
15 3.100000e+01
16 3.300000e+01
17 3.500000e+01
18 3.700000e+01
19 3.900000e+01
20 4.100000e+01
21 4.300000e+01
22 4.500000e+01
23 4.700000e+01
24 4.900000e+01
25 5.100000e+01
26 5.300000e+01
27 5.500000e+01
28 5.700000e+01
29 5.900000e+01
30 6.100000e+01
31 6.300000e+01
32 6.500000e+01
33 6.700000e+01
34 6.900000e+01
35 7.100000e+01
36 7.300000e+01
37 7.500000e+01
38 7.700000e+01
39 7.900000e+01
40 8.100000e+01
41 8.300000e+01
42 8.500000e+01
43 8.700000e+01
44 8.900000e+01
45 9.100000e+01
46 9.300000e+01
47 9.500000e+01
48 9.700000e+01
49 9.900000e+01
50 1.010000e+02
51 1.030000e+02
52 1.050000e+02
53 1.070000e+02
54 1.090000e+02
55 1.110000e+02
56 1.130000e+02
57 1.150000e+02
58 1.170000e+02
59 1.190000e+02
60 1.210000e+02
61 1.230000e+02
62 1.250000e+02
63 1.270000e+02
64 1.290000e+02
65 1.310000e+02
66 1.330000e+02
67 1.350000e+02
68 1.370000e+02
69 1.390000e+02
70 1.410000e+02
71 1.430000e+02
72 1.450000e+02
73 1.470000e+02
74 1.490000e+02
75 1.510000e+02
76 1.530000e+02
77 1.550000e+02
78 1.570000e+02
79 1.590000e+02
80 1.610000e+02
81 1.630000e+02
82 1.650000e+02
83 1.670000e+02
84 1.690000e+02
85 1.710000e+02
86 1.730000e+02
87 1.750000e+02
88 1.770000e+02
89 1.790000e+02
90 1.810000e+02
91 1.830000e+02
92 1.850000e+02
93 1.870000e+02
94 1.890000e+02
95 1.910000e+02
96 1.930000e+02
97 1.950000e+02
98 1.970000e+02
99 1.990000e+02
100 2.010000e+02
101 2.030000e+02
102 2.050000e+02
103 2.070000e+02
104 2.090000e+02
105 2.110000e+02
106 2.130000e+02
107 2.150000e+02
108 2.170000e+02
109 2.190000e+02
110 2.210000e+02
111 2.230000e+02
112 2.250000e+02
113 2.270000e+02
114 2.290000e+02
115 2.310000e+02
116 2.330000e+02
117 2.350000e+02
118 2.370000e+02
119 2.390000e+02
120 2.410000e+02
121 2.430000e+02
122 2.450000e+02
123 2.470000e+02
124 2.490000e+02
125 2.510000e+02
126 2.530000e+02
127 2.550000e+02
128 2.570000e+02
129 2.590000e+02
130 2.610000e+02
131 2.630000e+02
132 2.650000e+02
133 2.670000e+02
134 2.690000e+02
135 2.710000e+02
136 2.730000e+02
137 2.750000e+02
138 2.770000e+02
139 2.790000e+02
140 2.810000e+02
141 2.830000e+02
142 2.850000e+02
143 2.870000e+02
144 2.890000e+02
145 2.910000e+02
146 2.930000e+02
147 2.950000e+02
148 2.970000e+02
149 2.990000e+02
150 3.010000e+02
151 3.030000e+02
152 3.050000e+02
153 3.070000e+02
154 3.090000e+02
155 3.110000e+02
156 3.130000e+02
157 3.150000e+02
158 3.170000e+02
159 3.190000e+02
160 3.210000e+02
161 3.230000e+02
162 3.250000e+02
163 3.270000e+02
164 3.290000e+02
165 3.310000e+02
166 3.330000e+02
167 3.350000e+02
168 3.370000e+02
169 3.390000e+02
170 3.410000e+02
171 3.430000e+02
172 3.450000e+02
173 3.470000e+02
174 3.490000e+02
175 3.510000e+02
176 3.530000e+02
177 3.550000e+02
178 3.570000e+02
179 3.590000e+02
180 3.610000e+02
181 3.630000e+02
182 3.650000e+02
183 3.670000e+02
184 3.690000e+02
185 3.710000e+02
186 3.730000e+02
187 3.750000e+02
188 3.770000e+02
189 3.790000e+02
190 3.810000e+02
191 3.830000e+02
192 3.850000e+02
193 3.870000e+02
194 3.890000e+02
195 3.910000e+02
196 3.930000e+02
197 3.950000e+02
198 3.970000e+02
199 3.990000e+02
200 4.010000e+02
201 4.030000e+02
202 4.050000e+02
203 4.070000e+02
204 4.090000e+02
205 4.110000e+02
206 4.130000e+02
207 4.150000e+02
208 4.170000e+02
209 4.190000e+02
210 4.210000e+02
211 4.230000e+02
212 4.250000e+02
213 4.270000e+02
214 4.290000e+02
215 4.310000e+02
216 4.330000e+02
217 4.350000e+02
218 4.370000e+02
219 4.390000e+02
220 4.410000e+02
221 4.430000e+02
222 4.450000e+02
223 4.470000e+02
224 4.490000e+02
225 4.510000e+02
226 4.530000e+02
227 4.550000e+02
228 4.570000e+02
229 4.590000e+02
230 4.610000e+02
231 4.630000e+02
232 4.650000e+02
233 4.670000e+02
234 4.690000e+02
235 4.710000e+02
236 4.730000e+02
237 4.750000e+02
238 4.770000e+02
239 4.790000e+02
240 4.810000e+02
241 4.830000e+02
242 4.850000e+02
243 4.870000e+02
244 4.890000e+02
245 4.910000e+02
246 4.930000e+02
247 4.950000e+02
248 4.970000e+02
249 4.990000e+02
250 5.010000e+02
251 5.030000e+02
252 5.050000e+02
253 5.070000e+02
254 5.090000e+02
255 5.110000e+02
256 5.130000e+02
257 5.150000e+02
258 5.170000e+02
259 5.190000e+02
260 5.210000e+02
261 5.230000e+02
262 5.250000e+02
263 5.270000e+02
264 5.290000e+02
265 5.310000e+02
266 5.330000e+02
267 5.350000e+02
268 5.370000e+02
269 5.390000e+02
270 5.410000e+02
271 5.430000e+02
272 5.450000e+02
273 5.470000e+02
274 5.490000e+02
275 5.510000e+02
276 5.530000e+02
277 5.550000e+02
278 5.570000e+02
279 5.590000e+02
280 5.610000e+02
281 5.630000e+02
282 5.650000e+02
283 5.670000e+02
284 5.690000e+02
285 5.710000e+02
286 5.730000e+02
287 5.750000e+02
288 5.770000e+02
289 5.790000e+02
290 5.810000e+02
291 5.830000e+02
292 5.850000e+02
293 5.870000e+02
294 5.890000e+02
295 5.910000e+02
296 5.930000e+02
297 5.950000e+02
298 5.970000e+02
299 5.990000e+02
300 6.010000e+02
301 6.030000e+02
302 6.050000e+02
303 6.070000e+02
304 6.090000e+02
305 6.110000e+02
306 6.130000e+02
307 6.150000e+02
308 6.170000e+02
309 6.190000e+02
310 6.210000e+02
311 6.230000e+02
312 6.250000e+02
313 6.270000e+02
314 6.290000e+02
315 6.310000e+02
316 6.330000e+02
317 6.350000e+02
318 6.370000e+02
319 6.390000e+02
320 6.410000e+02
321 6.430000e+02
322 6.450000e+02
323 6.470000e+02
324 6.490000e+02
325 6.510000e+02
326 6.530000e+02
327 6.550000e+02
328 6.570000e+02
329 6.590000e+02
330 6.610000e+02
331 6.630000e+02
332 6.650000e+02
333 6.670000e+02
334 6.690000e+02
335 6.710000e+02
336 6.730000e+02
337 6.750000e+02
338 6.770000e+02
339 6.790000e+02
340 6.810000e+02
341 6.830000e+02
342 6.850000e+02
343 6.870000e+02
344 6.890000e+02
345 6.910000e+02
346 6.930000e+02
347 6.950000e+02
348 6.970000e+02
349 6.990000e+02
350 7.010000e+02
351 7.030000e+02
352 7.050000e+02
353 7.070000e+02
354 7.090000e+02
355 7.110000e+02
356 7.130000e+02
357 7.150000e+02
358 7.170000e+02
359 7.190000e+02
360 7.210000e+02
361 7.230000e+02
362 7.250000e+02
363 7.270000e+02
364 7.290000e+02
365 7.310000e+02
366 7.330000e+02
367 7.350000e+02
368 7.370000e+02
369 7.390000e+02
370 7.410000e+02
371 7.430000e+02
372 7.450000e+02
373 7.470000e+02
374 7.490000e+02
375 7.510000e+02
376 7.530000e+02
377 7.550000e+02
378 7.570000e+02
379 7.590000e+02
380 7.610000e+02
381 7.630000e+02
382 7.650000e+02
383 7.670000e+02
384 7.690000e+02
385 7.710000e+02
386 7.730000e+02
387 7.750000e+02
388 7.770000e+02
389 7.790000e+02
390 7.810000e+02
391 7.830000e+02
392 7.850000e+02
393 7.870000e+02
394 7.890000e+02
395 7.910000e+02
396 7.930000e+02
397 7.950000e+02
398 7.970000e+02
399 7.990000e+02
400 8.010000e+02
401 8.030000e+02
402 8.050000e+02
403 8.070000e+02
404 8.090000e+02
405 8.110000e+02
406 8.130000e+02
407 8.150000e+02
408 8.170000e+02
409 8.190000e+02
410 8.210000e+02
411 8.230000e+02
412 8.250000e+02
413 8.270000e+02
414 8.290000e+02
415 8.310000e+02
416 8.330000e+02
417 8.350000e+02
418 8.370000e+02
419 8.390000e+02
420 8.410000e+02
421 8.430000e+02
422 8.450000e+02
423 8.470000e+02
424 8.490000e+02
425 8.510000e+02
426 8.530000e+02
427 8.550000e+02
428 8.570000e+02
429 8.590000e+02
430 8.610000e+02
431 8.630000e+02
432 8.650000e+02
433 8.670000e+02
434 8.690000e+02
435 8.710000e+02
436 8.730000e+02
437 8.750000e+02
438 8.770000e+02
439 8.790000e+02
440 8.810000e+02
441 8.830000e+02
442 8.850000e+02
443 8.870000e+02
444 8.890000e+02
445 8.910000e+02
446 8.930000e+02
447 8.950000e+02
448 8.970000e+02
449 8.990000e+02
450 9.010000e+02
451 9.030000e+02
452 9.050000e+02
453 9.070000e+02
454 9.090000e+02
455 9.110000e+02
456 9.130000e+02
457 9.150000e+02
458 9.170000e+02
459 9.190000e+02
460 9.210000e+02
461 9.230000e+02
462 9.250000e+02
463 9.270000e+02
464 9.290000e+02
465 9.310000e+02
466 9.330000e+02
467 9.350000e+02
468 9.370000e+02
469 9.390000e+02
470 9.410000e+02
471 9.430000e+02
472 9.450000e+02
473 9.470000e+02
474 9.490000e+02
475 9.510000e+02
476 9.530000e+02
477 9.550000e+02
478 9.570000e+02
479 9.590000e+02
480 9.610000e+02
481 9.630000e+02
482 9.650000e+02
483 9.670000e+02
484 9.690000e+02
485 9.710000e+02
486 9.730000e+02
487 9.750000e+02
488 9.770000e+02
489 9.790000e+02
490 9.810000e+02
491 9.830000e+02
492 9.850000e+02
493 9.870000e+02
494 9.890000e+02
495 9.910000e+02
496 9.930000e+02
497 9.950000e+02
498 9.970000e+02
499 9.990000e+02
500 1.001000e+03
501 1.003000e+03
502 1.005000e+03
503 1.007000e+03
504 1.009000e+03
505 1.011000e+03
506 1.013000e+03
507 1.015000e+03
508 1.017000e+03
509 1.019000e+03
510 1.021000e+03
511 1.023000e+03
512 1.025000e+03
513 1.027000e+03
514 1.029000e+03
515 1.031000e+03
516 1.033000e+03
517 1.035000e+03
518 1.037000e+03
519 1.039000e+03
520 1.041000e+03
521 1.043000e+03
522 1.045000e+03
523 1.047000e+03
524 1.049000e+03
525 1.051000e+03
526 1.053000e+03
527 1.055000e+03
528 1.057000e+03
529 1.059000e+03
530 1.061000e+03
531 1.063000e+03
532 1.065000e+03
533 1.067000e+03
534 1.069000e+03
535 1.071000e+03
536 1.073000e+03
537 1.075000e+03
538 1.077000e+03
539 1.079000e+03
540 1.081000e+03
541 1.083000e+03
542 1.085000e+03
543 1.087000e+03
544 1.089000e+03
545 1.091000e+03
546 1.093000e+03
547 1.095000e+03
548 1.097000e+03
549 1.099000e+03
550 1.101000e+03
551 1.103000e+03
552 1.105000e+03
553 1.107000e+03
554 1.109000e+03
555 1.111000e+03
556 1.113000e+03
557 1.115000e+03
558 1.117000e+03
559 1.119000e+03
560 1.121000e+03
561 1.123000e+03
562 1.125000e+03
563 1.127000e+03
564 1.129000e+03
565 1.131000e+03
566 1.133000e+03
567 1.135000e+03
568 1.137000e+03
569 1.139000e+03
570 1.141000e+03
571 1.143000e+03
572 1.145000e+03
573 1.147000e+03
574 1.149000e+03
575 1.151000e+03
576 1.153000e+03
577 1.155000e+03
578 1.157000e+03
579 1.159000e+03
580 1.161000e+03
581 1.163000e+03
582 1.165000e+03
583 1.167000e+03
584 1.169000e+03
585 1.171000e+03
586 1.173000e+03
587 1.175000e+03
588 1.177000e+03
589 1.179000e+03
590 1.181000e+03
591 1.183000e+03
592 1.185000e+03
593 1.187000e+03
594 1.189000e+03
595 1.191000e+03
596 1.193000e+03
597 1.195000e+03
598 1.197000e+03
599 1.199000e+03
600 1.201000e+03
601 1.203000e+03
602 1.205000e+03
603 1.207000e+03
604 1.209000e+03
605 1.211000e+03
606 1.213000e+03
607 1.215000e+03
608 1.217000e+03
609 1.219000e+03
610 1.221000e+03
611 1.223000e+03
612 1.225000e+03
613 1.227000e+03
614 1.229000e+03
615 1.231000e+03
616 1.233000e+03
617 1.235000e+03
618 1.237000e+03
619 1.239000e+03
620 1.241000e+03
621 1.243000e+03
622 1.245000e+03
623 1.247000e+03
624 1.249000e+03
625 1.251000e+03
626 1.253000e+03
627 1.255000e+03
628 1.257000e+03
629 1.259000e+03
630 1.261000e+03
631 1.263000e+03
632 1.265000e+03
633 1.267000e+03
634 1.269000e+03
635 1.271000e+03
636 1.273000e+03
637 1.275000e+03
638 1.277000e+03
639 1.279000e+03
640 1.281000e+03
641 1.283000e+03
642 1.285000e+03
643 1.287000e+03
644 1.289000e+03
645 1.291000e+03
646 1.293000e+03
647 1.295000e+03
648 1.297000e+03
649 1.299000e+03
650 1.301000e+03
651 1.303000e+03
652 1.305000e+03
653 1.307000e+03
654 1.309000e+03
655 1.311000e+03
656 1.313000e+03
657 1.315000e+03
658 1.317000e+03
659 1.319000e+03
660 1.321000e+03
661 1.323000e+03
662 1.325000e+03
663 1.327000e+03
664 1.329000e+03
665 1.331000e+03
666 1.333000e+03
667 1.335000e+03
668 1.337000e+03
669 1.339000e+03
670 1.341000e+03
671 1.343000e+03
672 1.345000e+03
673 1.347000e+03
674 1.349000e+03
675 1.351000e+03
676 1.353000e+03
677 1.355000e+03
678 1.357000e+03
679 1.359000e+03
680 1.361000e+03
681 1.363000e+03
682 1.365000e+03
683 1.367000e+03
684 1.369000e+03
685 1.371000e+03
686 1.373000e+03
687 1.375000e+03
688 1.377000e+03
689 1.379000e+03
690 1.381000e+03
691 1.383000e+03
692 1.385000e+03
693 1.387000e+03
694 1.389000e+03
695 1.391000e+03
696 1.393000e+03
697 1.395000e+03
698 1.397000e+03
699 1.399000e+03
700 1.401000e+03
701 1.403000e+03
702 1.405000e+03
703 1.407000e+03
704 1.409000e+03
705 1.411000e+03
706 1.413000e+03
707 1.415000e+03
708 1.417000e+03
709 1.419000e+03
710 1.421000e+03
711 1.423000e+03
712 1.425000e+03
713 1.427000e+03
714 1.429000e+03
715 1.431000e+03
716 1.433000e+03
717 1.435000e+03
718 1.437000e+03
719 1.439000e+03
720 1.441000e+03
721 1.443000e+03
722 1.445000e+03
723 1.447000e+03
724 1.449000e+03
725 1.451000e+03
726 1.453000e+03
727 1.455000e+03
728 1.457000e+03
729 1.459000e+03
730 1.461000e+03
731 1.463000e+03
732 1.465000e+03
733 1.467000e+03
734 1.469000e+03
735 1.471000e+03
736 1.473000e+03
737 1.475000e+03
738 1.477000e+03
739 1.479000e+03
740 1.481000e+03
741 1.483000e+03
742 1.485000e+03
743 1.487000e+03
744 1.489000e+03
745 1.491000e+03
746 1.493000e+03
747 1.495000e+03
748 1.497000e+03
749 1.499000e+03
750 1.501000e+03
751 1.503000e+03
752 1.505000e+03
753 1.507000e+03
754 1.509000e+03
755 1.511000e+03
756 1.513000e+03
757 1.515000e+03
758 1.517000e+03
759 1.519000e+03
760 1.521000e+03
761 1.523000e+03
762 1.525000e+03
763 1.527000e+03
764 1.529000e+03
765 1.531000e+03
766 1.533000e+03
767 1.535000e+03
768 1.537000e+03
769 1.539000e+03
770 1.541000e+03
771 1.543000e+03
772 1.545000e+03
773 1.547000e+03
774 1.549000e+03
775 1.551000e+03
776 1.553000e+03
777 1.555000e+03
778 1.557000e+03
779 1.559000e+03
780 1.561000e+03
781 1.563000e+03
782 1.565000e+03
783 1.567000e+03
784 1.569000e+03
785 1.571000e+03
786 1.573000e+03
787 1.575000e+03
788 1.577000e+03
789 1.579000e+03
790 1.581000e+03
791 1.583000e+03
792 1.585000e+03
793 1.587000e+03
794 1.589000e+03
795 1.591000e+03
796 1.593000e+03
797 1.595000e+03
798 1.597000e+03
799 1.599000e+03
800 1.601000e+03
801 1.603000e+03
802 1.605000e+03
803 1.607000e+03
804 1.609000e+03
805 1.611000e+03
806 1.613000e+03
807 1.615000e+03
808 1.617000e+03
809 1.619000e+03
810 1.621000e+03
811 1.623000e+03
812 1.625000e+03
813 1.627000e+03
814 1.629000e+03
815 1.631000e+03
816 1.633000e+03
817 1.635000e+03
818 1.637000e+03
819 1.639000e+03
820 1.641000e+03
821 1.643000e+03
822 1.645000e+03
823 1.647000e+03
824 1.649000e+03
825 1.651000e+03
826 1.653000e+03
827 1.655000e+03
828 1.657000e+03
829 1.659000e+03
830 1.661000e+03
831 1.663000e+03
832 1.665000e+03
833 1.667000e+03
834 1.669000e+03
835 1.671000e+03
836 1.673000e+03
837 1.675000e+03
838 1.677000e+03
839 1.679000e+03
840 1.681000e+03
841 1.683000e+03
842 1.685000e+03
843 1.687000e+03
844 1.689000e+03
845 1.691000e+03
846 1.693000e+03
847 1.695000e+03
848 1.697000e+03
849 1.699000e+03
850 1.701000e+03
851 1.703000e+03
852 1.705000e+03
853 1.707000e+03
854 1.709000e+03
855 1.711000e+03
856 1.713000e+03
857 1.715000e+03
858 1.717000e+03
859 1.719000e+03
860 1.721000e+03
861 1.723000e+03
862 1.725000e+03
863 1.727000e+03
864 1.729000e+03
865 1.731000e+03
866 1.733000e+03
867 1.735000e+03
868 1.737000e+03
869 1.739000e+03
870 1.741000e+03
871 1.743000e+03
872 1.745000e+03
873 1.747000e+03
874 1.749000e+03
875 1.751000e+03
876 1.753000e+03
877 1.755000e+03
878 1.757000e+03
879 1.759000e+03
880 1.761000e+03
881 1.763000e+03
882 1.765000e+03
883 1.767000e+03
884 1.769000e+03
885 1.771000e+03
886 1.773000e+03
887 1.775000e+03
888 1.777000e+03
889 1.779000e+03
890 1.781000e+03
891 1.783000e+03
892 1.785000e+03
893 1.787000e+03
894 1.789000e+03
895 1.791000e+03
896 1.793000e+03
897 1.795000e+03
898 1.797000e+03
899 1.799000e+03
900 1.801000e+03
901 1.803000e+03
902 1.805000e+03
903 1.807000e+03
904 1.809000e+03
905 1.811000e+03
906 1.813000e+03
907 1.815000e+03
908 1.817000e+03
909 1.819000e+03
910 1.821000e+03
911 1.823000e+03
912 1.825000e+03
913 1.827000e+03
914 1.829000e+03
915 1.831000e+03
916 1.833000e+03
917 1.835000e+03
918 1.837000e+03
919 1.839000e+03
920 1.841000e+03
921 1.843000e+03
922 1.845000e+03
923 1.847000e+03
924 1.849000e+03
925 1.851000e+03
926 1.853000e+03
927 1.855000e+03
928 1.857000e+03
929 1.859000e+03
930 1.861000e+03
931 1.863000e+03
932 1.865000e+03
933 1.867000e+03
934 1.869000e+03
935 1.871000e+03
936 1.873000e+03
937 1.875000e+03
938 1.877000e+03
939 1.879000e+03
940 1.881000e+03
941 1.883000e+03
942 1.885000e+03
943 1.887000e+03
944 1.889000e+03
945 1.891000e+03
946 1.893000e+03
947 1.895000e+03
948 1.897000e+03
949 1.899000e+03
950 1.901000e+03
951 1.903000e+03
952 1.905000e+03
953 1.907000e+03
954 1.909000e+03
955 1.911000e+03
956 1.913000e+03
957 1.915000e+03
958 1.917000e+03
959 1.919000e+03
960 1.921000e+03
961 1.923000e+03
962 1.925000e+03
963 1.927000e+03
964 1.929000e+03
965 1.931000e+03
966 1.933000e+03
967 1.935000e+03
968 1.937000e+03
969 1.939000e+03
970 1.941000e+03
971 1.943000e+03
972 1.945000e+03
973 1.947000e+03
974 1.949000e+03
975 1.951000e+03
976 1.953000e+03
977 1.955000e+03
978 1.957000e+03
979 1.959000e+03
980 1.961000e+03
981 1.963000e+03
982 1.965000e+03
983 1.967000e+03
984 1.969000e+03
985 1.971000e+03
986 1.973000e+03
987 1.975000e+03
988 1.977000e+03
989 1.979000e+03
990 1.981000e+03
991 1.983000e+03
992 1.985000e+03
993 1.987000e+03
994 1.989000e+03
995 1.991000e+03
996 1.993000e+03
997 1.995000e+03
998 1.997000e+03
999 1.999000e+03
1000 2.001000e+03
1001 2.003000e+03
1002 2.005000e+03
1003 2.007000e+03
1004 2.009000e+03
1005 2.011000e+03
1006 2.013000e+03
1007 2.015000e+03
1008 2.017000e+03
1009 2.019000e+03
1010 2.021000e+03
1011 2.023000e+03
1012 2.025000e+03
1013 2.027000e+03
1014 2.029000e+03
1015 2.031000e+03
1016 2.033000e+03
1017 2.035000e+03
1018 2.037000e+03
1019 2.039000e+03
1020 2.041000e+03
1021 2.043000e+03
1022 2.045000e+03
1023 2.047000e+03
1024 2.049000e+03
1025 2.051000e+03
1026 2.053000e+03
1027 2.055000e+03
1028 2.057000e+03
1029 2.059000e+03
1030 2.061000e+03
1031 2.063000e+03
1032 2.065000e+03
1033 2.067000e+03
1034 2.069000e+03
1035 2.071000e+03
1036 2.073000e+03
1037 2.075000e+03
1038 2.077000e+03
1039 2.079000e+03
1040 2.081000e+03
1041 2.083000e+03
1042 2.085000e+03
1043 2.087000e+03
1044 2.089000e+03
1045 2.091000e+03
1046 2.093000e+03
1047 2.095000e+03
1048 2.097000e+03
1049 2.099000e+03
1050 2.101000e+03
1051 2.103000e+03
1052 2.105000e+03
1053 2.107000e+03
1054 2.109000e+03
1055 2.111000e+03
1056 2.113000e+03
1057 2.115000e+03
1058 2.117000e+03
1059 2.119000e+03
1060 2.121000e+03
1061 2.123000e+03
1062 2.125000e+03
1063 2.127000e+03
1064 2.129000e+03
1065 2.131000e+03
1066 2.133000e+03
1067 2.135000e+03
1068 2.137000e+03
1069 2.139000e+03
1070 2.141000e+03
1071 2.143000e+03
1072 2.145000e+03
1073 2.147000e+03
1074 2.149000e+03
1075 2.151000e+03
1076 2.153000e+03
1077 2.155000e+03
1078 2.157000e+03
1079 2.159000e+03
1080 2.161000e+03
1081 2.163000e+03
1082 2.165000e+03
1083 2.167000e+03
1084 2.169000e+03
1085 2.171000e+03
1086 2.173000e+03
1087 2.175000e+03
1088 2.177000e+03
1089 2.179000e+03
1090 2.181000e+03
1091 2.183000e+03
1092 2.185000e+03
1093 2.187000e+03
1094 2.189000e+03
1095 2.191000e+03
1096 2.193000e+03
1097 2.195000e+03
1098 2.197000e+03
1099 2.199000e+03
1100 2.201000e+03
1101 2.203000e+03
1102 2.205000e+03
1103 2.207000e+03
1104 2.209000e+03
1105 2.211000e+03
1106 2.213000e+03
1107 2.215000e+03
1108 2.217000e+03
1109 2.219000e+03
1110 2.221000e+03
1111 2.223000e+03
1112 2.225000e+03
1113 2.227000e+03
1114 2.229000e+03
1115 2.231000e+03
1116 2.233000e+03
1117 2.235000e+03
1118 2.237000e+03
1119 2.239000e+03
1120 2.241000e+03
1121 2.243000e+03
1122 2.245000e+03
1123 2.247000e+03
1124 2.249000e+03
1125 2.251000e+03
1126 2.253000e+03
1127 2.255000e+03
1128 2.257000e+03
1129 2.259000e+03
1130 2.261000e+03
1131 2.263000e+03
1132 2.265000e+03
1133 2.267000e+03
1134 2.269000e+03
1135 2.271000e+03
1136 2.273000e+03
1137 2.275000e+03
1138 2.277000e+03
1139 2.279000e+03
1140 2.281000e+03
1141 2.283000e+03
1142 2.285000e+03
1143 2.287000e+03
1144 2.289000e+03
1145 2.291000e+03
1146 2.293000e+03
1147 2.295000e+03
1148 2.297000e+03
1149 2.299000e+03
1150 2.301000e+03
1151 2.303000e+03
1152 2.305000e+03
1153 2.307000e+03
1154 2.309000e+03
1155 2.311000e+03
1156 2.313000e+03
1157 2.315000e+03
1158 2.317000e+03
1159 2.319000e+03
1160 2.321000e+03
1161 2.323000e+03
1162 2.325000e+03
1163 2.327000e+03
1164 2.329000e+03
1165 2.331000e+03
1166 2.333000e+03
1167 2.335000e+03
1168 2.337000e+03
1169 2.339000e+03
1170 2.341000e+03
1171 2.343000e+03
1172 2.345000e+03
1173 2.347000e+03
1174 2.349000e+03
1175 2.351000e+03
1176 2.353000e+03
1177 2.355000e+03
1178 2.357000e+03
1179 2.359000e+03
1180 2.361000e+03
1181 2.363000e+03
1182 2.365000e+03
1183 2.367000e+03
1184 2.369000e+03
1185 2.371000e+03
1186 2.373000e+03
1187 2.375000e+03
1188 2.377000e+03
1189 2.379000e+03
1190 2.381000e+03
1191 2.383000e+03
1192 2.385000e+03
1193 2.387000e+03
1194 2.389000e+03
1195 2.391000e+03
1196 2.393000e+03
1197 2.395000e+03
1198 2.397000e+03
1199 2.399000e+03
1200 2.401000e+03
1201 2.403000e+03
1202 2.405000e+03
1203 2.407000e+03
1204 2.409000e+03
1205 2.411000e+03
1206 2.413000e+03
1207 2.415000e+03
1208 2.417000e+03
1209 2.419000e+03
1210 2.421000e+03
1211 2.423000e+03
1212 2.425000e+03
1213 2.427000e+03
1214 2.429000e+03
1215 2.431000e+03
1216 2.433000e+03
1217 2.435000e+03
1218 2.437000e+03
1219 2.439000e+03
1220 2.441000e+03
1221 2.443000e+03
1222 2.445000e+03
1223 2.447000e+03
1224 2.449000e+03
1225 2.451000e+03
1226 2.453000e+03
1227 2.455000e+03
1228 2.457000e+03
1229 2.459000e+03
1230 2.461000e+03
1231 2.463000e+03
1232 2.465000e+03
1233 2.467000e+03
1234 2.469000e+03
1235 2.471000e+03
1236 2.473000e+03
1237 2.475000e+03
1238 2.477000e+03
1239 2.479000e+03
1240 2.481000e+03
1241 2.483000e+03
1242 2.485000e+03
1243 2.487000e+03
1244 2.489000e+03
1245 2.491000e+03
1246 2.493000e+03
1247 2.495000e+03
1248 2.497000e+03
1249 2.499000e+03
1250 2.501000e+03
1251 2.503000e+03
1252 2.505000e+03
1253 2.507000e+03
1254 2.509000e+03
1255 2.511000e+03
1256 2.513000e+03
1257 2.515000e+03
1258 2.517000e+03
1259 2.519000e+03
1260 2.521000e+03
1261 2.523000e+03
1262 2.525000e+03
1263 2.527000e+03
1264 2.529000e+03
1265 2.531000e+03
1266 2.533000e+03
1267 2.535000e+03
1268 2.537000e+03
1269 2.539000e+03
1270 2.541000e+03
1271 2.543000e+03
1272 2.545000e+03
1273 2.547000e+03
1274 2.549000e+03
1275 2.551000e+03
1276 2.553000e+03
1277 2.555000e+03
1278 2.557000e+03
1279 2.559000e+03
1280 2.561000e+03
1281 2.563000e+03
1282 2.565000e+03
1283 2.567000e+03
1284 2.569000e+03
1285 2.571000e+03
1286 2.573000e+03
1287 2.575000e+03
1288 2.577000e+03
1289 2.579000e+03
1290 2.581000e+03
1291 2.583000e+03
1292 2.585000e+03
1293 2.587000e+03
1294 2.589000e+03
1295 2.591000e+03
1296 2.593000e+03
1297 2.595000e+03
1298 2.597000e+03
1299 2.599000e+03
1300 2.601000e+03
1301 2.603000e+03
1302 2.605000e+03
1303 2.607000e+03
1304 2.609000e+03
1305 2.611000e+03
1306 2.613000e+03
1307 2.615000e+03
1308 2.617000e+03
1309 2.619000e+03
1310 2.621000e+03
1311 2.623000e+03
1312 2.625000e+03
1313 2.627000e+03
1314 2.629000e+03
1315 2.631000e+03
1316 2.633000e+03
1317 2.635000e+03
1318 2.637000e+03
1319 2.639000e+03
1320 2.641000e+03
1321 2.643000e+03
1322 2.645000e+03
1323 2.647000e+03
1324 2.649000e+03
1325 2.651000e+03
1326 2.653000e+03
1327 2.655000e+03
1328 2.657000e+03
1329 2.659000e+03
1330 2.661000e+03
1331 2.663000e+03
1332 2.665000e+03
1333 2.667000e+03
1334 2.669000e+03
1335 2.671000e+03
1336 2.673000e+03
1337 2.675000e+03
1338 2.677000e+03
1339 2.679000e+03
1340 2.681000e+03
1341 2.683000e+03
1342 2.685000e+03
1343 2.687000e+03
1344 2.689000e+03
1345 2.691000e+03
1346 2.693000e+03
1347 2.695000e+03
1348 2.697000e+03
1349 2.699000e+03
1350 2.701000e+03
1351 2.703000e+03
1352 2.705000e+03
1353 2.707000e+03
1354 2.709000e+03
1355 2.711000e+03
1356 2.713000e+03
1357 2.715000e+03
1358 2.717000e+03
1359 2.719000e+03
1360 2.721000e+03
1361 2.723000e+03
1362 2.725000e+03
1363 2.727000e+03
1364 2.729000e+03
1365 2.731000e+03
1366 2.733000e+03
1367 2.735000e+03
1368 2.737000e+03
1369 2.739000e+03
1370 2.741000e+03
1371 2.743000e+03
1372 2.745000e+03
1373 2.747000e+03
1374 2.749000e+03
1375 2.751000e+03
1376 2.753000e+03
1377 2.755000e+03
1378 2.757000e+03
1379 2.759000e+03
1380 2.761000e+03
1381 2.763000e+03
1382 2.765000e+03
1383 2.767000e+03
1384 2.769000e+03
1385 2.771000e+03
1386 2.773000e+03
1387 2.775000e+03
1388 2.777000e+03
1389 2.779000e+03
1390 2.781000e+03
1391 2.783000e+03
1392 2.785000e+03
1393 2.787000e+03
1394 2.789000e+03
1395 2.791000e+03
1396 2.793000e+03
1397 2.795000e+03
1398 2.797000e+03
1399 2.799000e+03
1400 2.801000e+03
1401 2.803000e+03
1402 2.805000e+03
1403 2.807000e+03
1404 2.809000e+03
1405 2.811000e+03
1406 2.813000e+03
1407 2.815000e+03
1408 2.817000e+03
1409 2.819000e+03
1410 2.821000e+03
1411 2.823000e+03
1412 2.825000e+03
1413 2.827000e+03
1414 2.829000e+03
1415 2.831000e+03
1416 2.833000e+03
1417 2.835000e+03
1418 2.837000e+03
1419 2.839000e+03
1420 2.841000e+03
1421 2.843000e+03
1422 2.845000e+03
1423 2.847000e+03
1424 2.849000e+03
1425 2.851000e+03
1426 2.853000e+03
1427 2.855000e+03
1428 2.857000e+03
1429 2.859000e+03
1430 2.861000e+03
1431 2.863000e+03
1432 2.865000e+03
1433 2.867000e+03
1434 2.869000e+03
1435 2.871000e+03
1436 2.873000e+03
1437 2.875000e+03
1438 2.877000e+03
1439 2.879000e+03
1440 2.881000e+03
1441 2.883000e+03
1442 2.885000e+03
1443 2.887000e+03
1444 2.889000e+03
1445 2.891000e+03
1446 2.893000e+03
1447 2.895000e+03
1448 2.897000e+03
1449 2.899000e+03
1450 2.901000e+03
1451 2.903000e+03
1452 2.905000e+03
1453 2.907000e+03
1454 2.909000e+03
1455 2.911000e+03
1456 2.913000e+03
1457 2.915000e+03
1458 2.917000e+03
1459 2.919000e+03
1460 2.921000e+03
1461 2.923000e+03
1462 2.925000e+03
1463 2.927000e+03
1464 2.929000e+03
1465 2.931000e+03
1466 2.933000e+03
1467 2.935000e+03
1468 2.937000e+03
1469 2.939000e+03
1470 2.941000e+03
1471 2.943000e+03
1472 2.945000e+03
1473 2.947000e+03
1474 2.949000e+03
1475 2.951000e+03
1476 2.953000e+03
1477 2.955000e+03
1478 2.957000e+03
1479 2.959000e+03
1480 2.961000e+03
1481 2.963000e+03
1482 2.965000e+03
1483 2.967000e+03
1484 2.969000e+03
1485 2.971000e+03
1486 2.973000e+03
1487 2.975000e+03
1488 2.977000e+03
1489 2.979000e+03
1490 2.981000e+03
1491 2.983000e+03
1492 2.985000e+03
1493 2.987000e+03
1494 2.989000e+03
1495 2.991000e+03
1496 2.993000e+03
1497 2.995000e+03
1498 2.997000e+03
1499 2.999000e+03
1500 3.001000e+03
1501 3.003000e+03
1502 3.005000e+03
1503 3.007000e+03
1504 3.009000e+03
1505 3.011000e+03
1506 3.013000e+03
1507 3.015000e+03
1508 3.017000e+03
1509 3.019000e+03
1510 3.021000e+03
1511 3.023000e+03
1512 3.025000e+03
1513 3.027000e+03
1514 3.029000e+03
1515 3.031000e+03
1516 3.033000e+03
1517 3.035000e+03
1518 3.037000e+03
1519 3.039000e+03
1520 3.041000e+03
1521 3.043000e+03
1522 3.045000e+03
1523 3.047000e+03
1524 3.049000e+03
1525 3.051000e+03
1526 3.053000e+03
1527 3.055000e+03
1528 3.057000e+03
1529 3.059000e+03
1530 3.061000e+03
1531 3.063000e+03
1532 3.065000e+03
1533 3.067000e+03
1534 3.069000e+03
1535 3.071000e+03
1536 3.073000e+03
1537 3.075000e+03
1538 3.077000e+03
1539 3.079000e+03
1540 3.081000e+03
1541 3.083000e+03
1542 3.085000e+03
1543 3.087000e+03
1544 3.089000e+03
1545 3.091000e+03
1546 3.093000e+03
1547 3.095000e+03
1548 3.097000e+03
1549 3.099000e+03
1550 3.101000e+03
1551 3.103000e+03
1552 3.105000e+03
1553 3.107000e+03
1554 3.109000e+03
1555 3.111000e+03
1556 3.113000e+03
1557 3.115000e+03
1558 3.117000e+03
1559 3.119000e+03
1560 3.121000e+03
1561 3.123000e+03
1562 3.125000e+03
1563 3.127000e+03
1564 3.129000e+03
1565 3.131000e+03
1566 3.133000e+03
1567 3.135000e+03
1568 3.137000e+03
1569 3.139000e+03
1570 3.141000e+03
1571 3.143000e+03
1572 3.145000e+03
1573 3.147000e+03
1574 3.149000e+03
1575 3.151000e+03
1576 3.153000e+03
1577 3.155000e+03
1578 3.157000e+03
1579 3.159000e+03
1580 3.161000e+03
1581 3.163000e+03
1582 3.165000e+03
1583 3.167000e+03
1584 3.169000e+03
1585 3.171000e+03
1586 3.173000e+03
1587 3.175000e+03
1588 3.177000e+03
1589 3.179000e+03
1590 3.181000e+03
1591 3.183000e+03
1592 3.185000e+03
1593 3.187000e+03
1594 3.189000e+03
1595 3.191000e+03
1596 3.193000e+03
1597 3.195000e+03
1598 3.197000e+03
1599 3.199000e+03
1600 3.201000e+03
1601 3.203000e+03
1602 3.205000e+03
1603 3.207000e+03
1604 3.209000e+03
1605 3.211000e+03
1606 3.213000e+03
1607 3.215000e+03
1608 3.217000e+03
1609 3.219000e+03
1610 3.221000e+03
1611 3.223000e+03
1612 3.225000e+03
1613 3.227000e+03
1614 3.229000e+03
1615 3.231000e+03
1616 3.233000e+03
1617 3.235000e+03
1618 3.237000e+03
1619 3.239000e+03
1620 3.241000e+03
1621 3.243000e+03
1622 3.245000e+03
1623 3.247000e+03
1624 3.249000e+03
1625 3.251000e+03
1626 3.253000e+03
1627 3.255000e+03
1628 3.257000e+03
1629 3.259000e+03
1630 3.261000e+03
1631 3.263000e+03
1632 3.265000e+03
1633 3.267000e+03
1634 3.269000e+03
1635 3.271000e+03
1636 3.273000e+03
1637 3.275000e+03
1638 3.277000e+03
1639 3.279000e+03
1640 3.281000e+03
1641 3.283000e+03
1642 3.285000e+03
1643 3.287000e+03
1644 3.289000e+03
1645 3.291000e+03
1646 3.293000e+03
1647 3.295000e+03
1648 3.297000e+03
1649 3.299000e+03
1650 3.301000e+03
1651 3.303000e+03
1652 3.305000e+03
1653 3.307000e+03
1654 3.309000e+03
1655 3.311000e+03
1656 3.313000e+03
1657 3.315000e+03
1658 3.317000e+03
1659 3.319000e+03
1660 3.321000e+03
1661 3.323000e+03
1662 3.325000e+03
1663 3.327000e+03
1664 3.329000e+03
1665 3.331000e+03
1666 3.333000e+03
1667 3.335000e+03
1668 3.337000e+03
1669 3.339000e+03
1670 3.341000e+03
1671 3.343000e+03
1672 3.345000e+03
1673 3.347000e+03
1674 3.349000e+03
1675 3.351000e+03
1676 3.353000e+03
1677 3.355000e+03
1678 3.357000e+03
1679 3.359000e+03
1680 3.361000e+03
1681 3.363000e+03
1682 3.365000e+03
1683 3.367000e+03
1684 3.369000e+03
1685 3.371000e+03
1686 3.373000e+03
1687 3.375000e+03
1688 3.377000e+03
1689 3.379000e+03
1690 3.381000e+03
1691 3.383000e+03
1692 3.385000e+03
1693 3.387000e+03
1694 3.389000e+03
1695 3.391000e+03
1696 3.393000e+03
1697 3.395000e+03
1698 3.397000e+03
1699 3.399000e+03
1700 3.401000e+03
1701 3.403000e+03
1702 3.405000e+03
1703 3.407000e+03
1704 3.409000e+03
1705 3.411000e+03
1706 3.413000e+03
1707 3.415000e+03
1708 3.417000e+03
1709 3.419000e+03
1710 3.421000e+03
1711 3.423000e+03
1712 3.425000e+03
1713 3.427000e+03
1714 3.429000e+03
1715 3.431000e+03
1716 3.433000e+03
1717 3.435000e+03
1718 3.437000e+03
1719 3.439000e+03
1720 3.441000e+03
1721 3.443000e+03
1722 3.445000e+03
1723 3.447000e+03
1724 3.449000e+03
1725 3.451000e+03
1726 3.453000e+03
1727 3.455000e+03
1728 3.457000e+03
1729 3.459000e+03
1730 3.461000e+03
1731 3.463000e+03
1732 3.465000e+03
1733 3.467000e+03
1734 3.469000e+03
1735 3.471000e+03
1736 3.473000e+03
1737 3.475000e+03
1738 3.477000e+03
1739 3.479000e+03
1740 3.481000e+03
1741 3.483000e+03
1742 3.485000e+03
1743 3.487000e+03
1744 3.489000e+03
1745 3.491000e+03
1746 3.493000e+03
1747 3.495000e+03
1748 3.497000e+03
1749 3.499000e+03
1750 3.501000e+03
1751 3.503000e+03
1752 3.505000e+03
1753 3.507000e+03
1754 3.509000e+03
1755 3.511000e+03
1756 3.513000e+03
1757 3.515000e+03
1758 3.517000e+03
1759 3.519000e+03
1760 3.521000e+03
1761 3.523000e+03
1762 3.525000e+03
1763 3.527000e+03
1764 3.529000e+03
1765 3.531000e+03
1766 3.533000e+03
1767 3.535000e+03
1768 3.537000e+03
1769 3.539000e+03
1770 3.541000e+03
1771 3.543000e+03
1772 3.545000e+03
1773 3.547000e+03
1774 3.549000e+03
1775 3.551000e+03
1776 3.553000e+03
1777 3.555000e+03
1778 3.557000e+03
1779 3.559000e+03
1780 3.561000e+03
1781 3.563000e+03
1782 3.565000e+03
1783 3.567000e+03
1784 3.569000e+03
1785 3.571000e+03
1786 3.573000e+03
1787 3.575000e+03
1788 3.577000e+03
1789 3.579000e+03
1790 3.581000e+03
1791 3.583000e+03
1792 3.585000e+03
1793 3.587000e+03
1794 3.589000e+03
1795 3.591000e+03
1796 3.593000e+03
1797 3.595000e+03
1798 3.597000e+03
1799 3.599000e+03
1800 3.601000e+03
1801 3.603000e+03
1802 3.605000e+03
1803 3.607000e+03
1804 3.609000e+03
1805 3.611000e+03
1806 3.613000e+03
1807 3.615000e+03
1808 3.617000e+03
1809 3.619000e+03
1810 3.621000e+03
1811 3.623000e+03
1812 3.625000e+03
1813 3.627000e+03
1814 3.629000e+03
1815 3.631000e+03
1816 3.633000e+03
1817 3.635000e+03
1818 3.637000e+03
1819 3.639000e+03
1820 3.641000e+03
1821 3.643000e+03
1822 3.645000e+03
1823 3.647000e+03
1824 3.649000e+03
1825 3.651000e+03
1826 3.653000e+03
1827 3.655000e+03
1828 3.657000e+03
1829 3.659000e+03
1830 3.661000e+03
1831 3.663000e+03
1832 3.665000e+03
1833 3.667000e+03
1834 3.669000e+03
1835 3.671000e+03
1836 3.673000e+03
1837 3.675000e+03
1838 3.677000e+03
1839 3.679000e+03
1840 3.681000e+03
1841 3.683000e+03
1842 3.685000e+03
1843 3.687000e+03
1844 3.689000e+03
1845 3.691000e+03
1846 3.693000e+03
1847 3.695000e+03
1848 3.697000e+03
1849 3.699000e+03
1850 3.701000e+03
1851 3.703000e+03
1852 3.705000e+03
1853 3.707000e+03
1854 3.709000e+03
1855 3.711000e+03
1856 3.713000e+03
1857 3.715000e+03
1858 3.717000e+03
1859 3.719000e+03
1860 3.721000e+03
1861 3.723000e+03
1862 3.725000e+03
1863 3.727000e+03
1864 3.729000e+03
1865 3.731000e+03
1866 3.733000e+03
1867 3.735000e+03
1868 3.737000e+03
1869 3.739000e+03
1870 3.741000e+03
1871 3.743000e+03
1872 3.745000e+03
1873 3.747000e+03
1874 3.749000e+03
1875 3.751000e+03
1876 3.753000e+03
1877 3.755000e+03
1878 3.757000e+03
1879 3.759000e+03
1880 3.761000e+03
1881 3.763000e+03
1882 3.765000e+03
1883 3.767000e+03
1884 3.769000e+03
1885 3.771000e+03
1886 3.773000e+03
1887 3.775000e+03
1888 3.777000e+03
1889 3.779000e+03
1890 3.781000e+03
1891 3.783000e+03
1892 3.785000e+03
1893 3.787000e+03
1894 3.789000e+03
1895 3.791000e+03
1896 3.793000e+03
1897 3.795000e+03
1898 3.797000e+03
1899 3.799000e+03
1900 3.801000e+03
1901 3.803000e+03
1902 3.805000e+03
1903 3.807000e+03
1904 3.809000e+03
1905 3.811000e+03
1906 3.813000e+03
1907 3.815000e+03
1908 3.817000e+03
1909 3.819000e+03
1910 3.821000e+03
1911 3.823000e+03
1912 3.825000e+03
1913 3.827000e+03
1914 3.829000e+03
1915 3.831000e+03
1916 3.833000e+03
1917 3.835000e+03
1918 3.837000e+03
1919 3.839000e+03
1920 3.841000e+03
1921 3.843000e+03
1922 3.845000e+03
1923 3.847000e+03
1924 3.849000e+03
1925 3.851000e+03
1926 3.853000e+03
1927 3.855000e+03
1928 3.857000e+03
1929 3.859000e+03
1930 3.861000e+03
1931 3.863000e+03
1932 3.865000e+03
1933 3.867000e+03
1934 3.869000e+03
1935 3.871000e+03
1936 3.873000e+03
1937 3.875000e+03
1938 3.877000e+03
1939 3.879000e+03
1940 3.881000e+03
1941 3.883000e+03
1942 3.885000e+03
1943 3.887000e+03
1944 3.889000e+03
1945 3.891000e+03
1946 3.893000e+03
1947 3.895000e+03
1948 3.897000e+03
1949 3.899000e+03
1950 3.901000e+03
1951 3.903000e+03
1952 3.905000e+03
1953 3.907000e+03
1954 3.909000e+03
1955 3.911000e+03
1956 3.913000e+03
1957 3.915000e+03
1958 3.917000e+03
1959 3.919000e+03
1960 3.921000e+03
1961 3.923000e+03
1962 3.925000e+03
1963 3.927000e+03
1964 3.929000e+03
1965 3.931000e+03
1966 3.933000e+03
1967 3.935000e+03
1968 3.937000e+03
1969 3.939000e+03
1970 3.941000e+03
1971 3.943000e+03
1972 3.945000e+03
1973 3.947000e+03
1974 3.949000e+03
1975 3.951000e+03
1976 3.953000e+03
1977 3.955000e+03
1978 3.957000e+03
1979 3.959000e+03
1980 3.961000e+03
1981 3.963000e+03
1982 3.965000e+03
1983 3.967000e+03
1984 3.969000e+03
1985 3.971000e+03
1986 3.973000e+03
1987 3.975000e+03
1988 3.977000e+03
1989 3.979000e+03
1990 3.981000e+03
1991 3.983000e+03
1992 3.985000e+03
1993 3.987000e+03
1994 3.989000e+03
1995 3.991000e+03
1996 3.993000e+03
1997 3.995000e+03
1998 3.997000e+03
1999 3.999000e+03
2000 4.001000e+03
2001 4.003000e+03
2002 4.005000e+03
2003 4.007000e+03
2004 4.009000e+03
2005 4.011000e+03
2006 4.013000e+03
2007 4.015000e+03
2008 4.017000e+03
2009 4.019000e+03
2010 4.021000e+03
2011 4.023000e+03
2012 4.025000e+03
2013 4.027000e+03
2014 4.029000e+03
2015 4.031000e+03
2016 4.033000e+03
2017 4.035000e+03
2018 4.037000e+03
2019 4.039000e+03
2020 4.041000e+03
2021 4.043000e+03
2022 4.045000e+03
2023 4.047000e+03
2024 4.049000e+03
2025 4.051000e+03
2026 4.053000e+03
2027 4.055000e+03
2028 4.057000e+03
2029 4.059000e+03
2030 4.061000e+03
2031 4.063000e+03
2032 4.065000e+03
2033 4.067000e+03
2034 4.069000e+03
2035 4.071000e+03
2036 4.073000e+03
2037 4.075000e+03
2038 4.077000e+03
2039 4.079000e+03
2040 4.081000e+03
2041 4.083000e+03
2042 4.085000e+03
2043 4.087000e+03
2044 4.089000e+03
2045 4.091000e+03
2046 4.093000e+03
2047 4.095000e+03
2048 4.097000e+03
2049 4.099000e+03
2050 4.101000e+03
2051 4.103000e+03
2052 4.105000e+03
2053 4.107000e+03
2054 4.109000e+03
2055 4.111000e+03
2056 4.113000e+03
2057 4.115000e+03
2058 4.117000e+03
2059 4.119000e+03
2060 4.121000e+03
2061 4.123000e+03
2062 4.125000e+03
2063 4.127000e+03
2064 4.129000e+03
2065 4.131000e+03
2066 4.133000e+03
2067 4.135000e+03
2068 4.137000e+03
2069 4.139000e+03
2070 4.141000e+03
2071 4.143000e+03
2072 4.145000e+03
2073 4.147000e+03
2074 4.149000e+03
2075 4.151000e+03
2076 4.153000e+03
2077 4.155000e+03
2078 4.157000e+03
2079 4.159000e+03
2080 4.161000e+03
2081 4.163000e+03
2082 4.165000e+03
2083 4.167000e+03
2084 4.169000e+03
2085 4.171000e+03
2086 4.173000e+03
2087 4.175000e+03
2088 4.177000e+03
2089 4.179000e+03
2090 4.181000e+03
2091 4.183000e+03
2092 4.185000e+03
2093 4.187000e+03
2094 4.189000e+03
2095 4.191000e+03
2096 4.193000e+03
2097 4.195000e+03
2098 4.197000e+03
2099 4.199000e+03
2100 4.201000e+03
2101 4.203000e+03
2102 4.205000e+03
2103 4.207000e+03
2104 4.209000e+03
2105 4.211000e+03
2106 4.213000e+03
2107 4.215000e+03
2108 4.217000e+03
2109 4.219000e+03
2110 4.221000e+03
2111 4.223000e+03
2112 4.225000e+03
2113 4.227000e+03
2114 4.229000e+03
2115 4.231000e+03
2116 4.233000e+03
2117 4.235000e+03
2118 4.237000e+03
2119 4.239000e+03
2120 4.241000e+03
2121 4.243000e+03
2122 4.245000e+03
2123 4.247000e+03
2124 4.249000e+03
2125 4.251000e+03
2126 4.253000e+03
2127 4.255000e+03
2128 4.257000e+03
2129 4.259000e+03
2130 4.261000e+03
2131 4.263000e+03
2132 4.265000e+03
2133 4.267000e+03
2134 4.269000e+03
2135 4.271000e+03
2136 4.273000e+03
2137 4.275000e+03
2138 4.277000e+03
2139 4.279000e+03
2140 4.281000e+03
2141 4.283000e+03
2142 4.285000e+03
2143 4.287000e+03
2144 4.289000e+03
2145 4.291000e+03
2146 4.293000e+03
2147 4.295000e+03
2148 4.297000e+03
2149 4.299000e+03
2150 4.301000e+03
2151 4.303000e+03
2152 4.305000e+03
2153 4.307000e+03
2154 4.309000e+03
2155 4.311000e+03
2156 4.313000e+03
2157 4.315000e+03
2158 4.317000e+03
2159 4.319000e+03
2160 4.321000e+03
2161 4.323000e+03
2162 4.325000e+03
2163 4.327000e+03
2164 4.329000e+03
2165 4.331000e+03
2166 4.333000e+03
2167 4.335000e+03
2168 4.337000e+03
2169 4.339000e+03
2170 4.341000e+03
2171 4.343000e+03
2172 4.345000e+03
2173 4.347000e+03
2174 4.349000e+03
2175 4.351000e+03
2176 4.353000e+03
2177 4.355000e+03
2178 4.357000e+03
2179 4.359000e+03
2180 4.361000e+03
2181 4.363000e+03
2182 4.365000e+03
2183 4.367000e+03
2184 4.369000e+03
2185 4.371000e+03
2186 4.373000e+03
2187 4.375000e+03
2188 4.377000e+03
2189 4.379000e+03
2190 4.381000e+03
2191 4.383000e+03
2192 4.385000e+03
2193 4.387000e+03
2194 4.389000e+03
2195 4.391000e+03
2196 4.393000e+03
2197 4.395000e+03
2198 4.397000e+03
2199 4.399000e+03
2200 4.401000e+03
2201 4.403000e+03
2202 4.405000e+03
2203 4.407000e+03
2204 4.409000e+03
2205 4.411000e+03
2206 4.413000e+03
2207 4.415000e+03
2208 4.417000e+03
2209 4.419000e+03
2210 4.421000e+03
2211 4.423000e+03
2212 4.425000e+03
2213 4.427000e+03
2214 4.429000e+03
2215 4.431000e+03
2216 4.433000e+03
2217 4.435000e+03
2218 4.437000e+03
2219 4.439000e+03
2220 4.441000e+03
2221 4.443000e+03
2222 4.445000e+03
2223 4.447000e+03
2224 4.449000e+03
2225 4.451000e+03
2226 4.453000e+03
2227 4.455000e+03
2228 4.457000e+03
2229 4.459000e+03
2230 4.461000e+03
2231 4.463000e+03
2232 4.465000e+03
2233 4.467000e+03
2234 4.469000e+03
2235 4.471000e+03
2236 4.473000e+03
2237 4.475000e+03
2238 4.477000e+03
2239 4.479000e+03
2240 4.481000e+03
2241 4.483000e+03
2242 4.485000e+03
2243 4.487000e+03
2244 4.489000e+03
2245 4.491000e+03
2246 4.493000e+03
2247 4.495000e+03
2248 4.497000e+03
2249 4.499000e+03
2250 4.501000e+03
2251 4.503000e+03
2252 4.505000e+03
2253 4.507000e+03
2254 4.509000e+03
2255 4.511000e+03
2256 4.513000e+03
2257 4.515000e+03
2258 4.517000e+03
2259 4.519000e+03
2260 4.521000e+03
2261 4.523000e+03
2262 4.525000e+03
2263 4.527000e+03
2264 4.529000e+03
2265 4.531000e+03
2266 4.533000e+03
2267 4.535000e+03
2268 4.537000e+03
2269 4.539000e+03
2270 4.541000e+03
2271 4.543000e+03
2272 4.545000e+03
2273 4.547000e+03
2274 4.549000e+03
2275 4.551000e+03
2276 4.553000e+03
2277 4.555000e+03
2278 4.557000e+03
2279 4.559000e+03
2280 4.561000e+03
2281 4.563000e+03
2282 4.565000e+03
2283 4.567000e+03
2284 4.569000e+03
2285 4.571000e+03
2286 4.573000e+03
2287 4.575000e+03
2288 4.577000e+03
2289 4.579000e+03
2290 4.581000e+03
2291 4.583000e+03
2292 4.585000e+03
2293 4.587000e+03
2294 4.589000e+03
2295 4.591000e+03
2296 4.593000e+03
2297 4.595000e+03
2298 4.597000e+03
2299 4.599000e+03
2300 4.601000e+03
2301 4.603000e+03
2302 4.605000e+03
2303 4.607000e+03
2304 4.609000e+03
2305 4.611000e+03
2306 4.613000e+03
2307 4.615000e+03
2308 4.617000e+03
2309 4.619000e+03
2310 4.621000e+03
2311 4.623000e+03
2312 4.625000e+03
2313 4.627000e+03
2314 4.629000e+03
2315 4.631000e+03
2316 4.633000e+03
2317 4.635000e+03
2318 4.637000e+03
2319 4.639000e+03
2320 4.641000e+03
2321 4.643000e+03
2322 4.645000e+03
2323 4.647000e+03
2324 4.649000e+03
2325 4.651000e+03
2326 4.653000e+03
2327 4.655000e+03
2328 4.657000e+03
2329 4.659000e+03
2330 4.661000e+03
2331 4.663000e+03
2332 4.665000e+03
2333 4.667000e+03
2334 4.669000e+03
2335 4.671000e+03
2336 4.673000e+03
2337 4.675000e+03
2338 4.677000e+03
2339 4.679000e+03
2340 4.681000e+03
2341 4.683000e+03
2342 4.685000e+03
2343 4.687000e+03
2344 4.689000e+03
2345 4.691000e+03
2346 4.693000e+03
2347 4.695000e+03
2348 4.697000e+03
2349 4.699000e+03
2350 4.701000e+03
2351 4.703000e+03
2352 4.705000e+03
2353 4.707000e+03
2354 4.709000e+03
2355 4.711000e+03
2356 4.713000e+03
2357 4.715000e+03
2358 4.717000e+03
2359 4.719000e+03
2360 4.721000e+03
2361 4.723000e+03
2362 4.725000e+03
2363 4.727000e+03
2364 4.729000e+03
2365 4.731000e+03
2366 4.733000e+03
2367 4.735000e+03
2368 4.737000e+03
2369 4.739000e+03
2370 4.741000e+03
2371 4.743000e+03
2372 4.745000e+03
2373 4.747000e+03
2374 4.749000e+03
2375 4.751000e+03
2376 4.753000e+03
2377 4.755000e+03
2378 4.757000e+03
2379 4.759000e+03
2380 4.761000e+03
2381 4.763000e+03
2382 4.765000e+03
2383 4.767000e+03
2384 4.769000e+03
2385 4.771000e+03
2386 4.773000e+03
2387 4.775000e+03
2388 4.777000e+03
2389 4.779000e+03
2390 4.781000e+03
2391 4.783000e+03
2392 4.785000e+03
2393 4.787000e+03
2394 4.789000e+03
2395 4.791000e+03
2396 4.793000e+03
2397 4.795000e+03
2398 4.797000e+03
2399 4.799000e+03
2400 4.801000e+03
2401 4.803000e+03
2402 4.805000e+03
2403 4.807000e+03
2404 4.809000e+03
2405 4.811000e+03
2406 4.813000e+03
2407 4.815000e+03
2408 4.817000e+03
2409 4.819000e+03
2410 4.821000e+03
2411 4.823000e+03
2412 4.825000e+03
2413 4.827000e+03
2414 4.829000e+03
2415 4.831000e+03
2416 4.833000e+03
2417 4.835000e+03
2418 4.837000e+03
2419 4.839000e+03
2420 4.841000e+03
2421 4.843000e+03
2422 4.845000e+03
2423 4.847000e+03
2424 4.849000e+03
2425 4.851000e+03
2426 4.853000e+03
2427 4.855000e+03
2428 4.857000e+03
2429 4.859000e+03
2430 4.861000e+03
2431 4.863000e+03
2432 4.865000e+03
2433 4.867000e+03
2434 4.869000e+03
2435 4.871000e+03
2436 4.873000e+03
2437 4.875000e+03
2438 4.877000e+03
2439 4.879000e+03
2440 4.881000e+03
2441 4.883000e+03
2442 4.885000e+03
2443 4.887000e+03
2444 4.889000e+03
2445 4.891000e+03
2446 4.893000e+03
2447 4.895000e+03
2448 4.897000e+03
2449 4.899000e+03
2450 4.901000e+03
2451 4.903000e+03
2452 4.905000e+03
2453 4.907000e+03
2454 4.909000e+03
2455 4.911000e+03
2456 4.913000e+03
2457 4.915000e+03
2458 4.917000e+03
2459 4.919000e+03
2460 4.921000e+03
2461 4.923000e+03
2462 4.925000e+03
2463 4.927000e+03
2464 4.929000e+03
2465 4.931000e+03
2466 4.933000e+03
2467 4.935000e+03
2468 4.937000e+03
2469 4.939000e+03
2470 4.941000e+03
2471 4.943000e+03
2472 4.945000e+03
2473 4.947000e+03
2474 4.949000e+03
2475 4.951000e+03
2476 4.953000e+03
2477 4.955000e+03
2478 4.957000e+03
2479 4.959000e+03
2480 4.961000e+03
2481 4.963000e+03
2482 4.965000e+03
2483 4.967000e+03
2484 4.969000e+03
2485 4.971000e+03
2486 4.973000e+03
2487 4.975000e+03
2488 4.977000e+03
2489 4.979000e+03
2490 4.981000e+03
2491 4.983000e+03
2492 4.985000e+03
2493 4.987000e+03
2494 4.989000e+03
2495 4.991000e+03
2496 4.993000e+03
2497 4.995000e+03
2498 4.997000e+03
2499 4.999000e+03
2500 5.001000e+03
2501 5.003000e+03
2502 5.005000e+03
2503 5.007000e+03
2504 5.009000e+03
2505 5.011000e+03
2506 5.013000e+03
2507 5.015000e+03
2508 5.017000e+03
2509 5.019000e+03
2510 5.021000e+03
2511 5.023000e+03
2512 5.025000e+03
2513 5.027000e+03
2514 5.029000e+03
2515 5.031000e+03
2516 5.033000e+03
2517 5.035000e+03
2518 5.037000e+03
2519 5.039000e+03
2520 5.041000e+03
2521 5.043000e+03
2522 5.045000e+03
2523 5.047000e+03
2524 5.049000e+03
2525 5.051000e+03
2526 5.053000e+03
2527 5.055000e+03
2528 5.057000e+03
2529 5.059000e+03
2530 5.061000e+03
2531 5.063000e+03
2532 5.065000e+03
2533 5.067000e+03
2534 5.069000e+03
2535 5.071000e+03
2536 5.073000e+03
2537 5.075000e+03
2538 5.077000e+03
2539 5.079000e+03
2540 5.081000e+03
2541 5.083000e+03
2542 5.085000e+03
2543 5.087000e+03
2544 5.089000e+03
2545 5.091000e+03
2546 5.093000e+03
2547 5.095000e+03
2548 5.097000e+03
2549 5.099000e+03
2550 5.101000e+03
2551 5.103000e+03
2552 5.105000e+03
2553 5.107000e+03
2554 5.109000e+03
2555 5.111000e+03
2556 5.113000e+03
2557 5.115000e+03
2558 5.117000e+03
2559 5.119000e+03
2560 5.121000e+03
2561 5.123000e+03
2562 5.125000e+03
2563 5.127000e+03
2564 5.129000e+03
2565 5.131000e+03
2566 5.133000e+03
2567 5.135000e+03
2568 5.137000e+03
2569 5.139000e+03
2570 5.141000e+03
2571 5.143000e+03
2572 5.145000e+03
2573 5.147000e+03
2574 5.149000e+03
2575 5.151000e+03
2576 5.153000e+03
2577 5.155000e+03
2578 5.157000e+03
2579 5.159000e+03
2580 5.161000e+03
2581 5.163000e+03
2582 5.165000e+03
2583 5.167000e+03
2584 5.169000e+03
2585 5.171000e+03
2586 5.173000e+03
2587 5.175000e+03
2588 5.177000e+03
2589 5.179000e+03
2590 5.181000e+03
2591 5.183000e+03
2592 5.185000e+03
2593 5.187000e+03
2594 5.189000e+03
2595 5.191000e+03
2596 5.193000e+03
2597 5.195000e+03
2598 5.197000e+03
2599 5.199000e+03
2600 5.201000e+03
2601 5.203000e+03
2602 5.205000e+03
2603 5.207000e+03
2604 5.209000e+03
2605 5.211000e+03
2606 5.213000e+03
2607 5.215000e+03
2608 5.217000e+03
2609 5.219000e+03
2610 5.221000e+03
2611 5.223000e+03
2612 5.225000e+03
2613 5.227000e+03
2614 5.229000e+03
2615 5.231000e+03
2616 5.233000e+03
2617 5.235000e+03
2618 5.237000e+03
2619 5.239000e+03
2620 5.241000e+03
2621 5.243000e+03
2622 5.245000e+03
2623 5.247000e+03
2624 5.249000e+03
2625 5.251000e+03
2626 5.253000e+03
2627 5.255000e+03
2628 5.257000e+03
2629 5.259000e+03
2630 5.261000e+03
2631 5.263000e+03
2632 5.265000e+03
2633 5.267000e+03
2634 5.269000e+03
2635 5.271000e+03
2636 5.273000e+03
2637 5.275000e+03
2638 5.277000e+03
2639 5.279000e+03
2640 5.281000e+03
2641 5.283000e+03
2642 5.285000e+03
2643 5.287000e+03
2644 5.289000e+03
2645 5.291000e+03
2646 5.293000e+03
2647 5.295000e+03
2648 5.297000e+03
2649 5.299000e+03
2650 5.301000e+03
2651 5.303000e+03
2652 5.305000e+03
2653 5.307000e+03
2654 5.309000e+03
2655 5.311000e+03
2656 5.313000e+03
2657 5.315000e+03
2658 5.317000e+03
2659 5.319000e+03
2660 5.321000e+03
2661 5.323000e+03
2662 5.325000e+03
2663 5.327000e+03
2664 5.329000e+03
2665 5.331000e+03
2666 5.333000e+03
2667 5.335000e+03
2668 5.337000e+03
2669 5.339000e+03
2670 5.341000e+03
2671 5.343000e+03
2672 5.345000e+03
2673 5.347000e+03
2674 5.349000e+03
2675 5.351000e+03
2676 5.353000e+03
2677 5.355000e+03
2678 5.357000e+03
2679 5.359000e+03
2680 5.361000e+03
2681 5.363000e+03
2682 5.365000e+03
2683 5.367000e+03
2684 5.369000e+03
2685 5.371000e+03
2686 5.373000e+03
2687 5.375000e+03
2688 5.377000e+03
2689 5.379000e+03
2690 5.381000e+03
2691 5.383000e+03
2692 5.385000e+03
2693 5.387000e+03
2694 5.389000e+03
2695 5.391000e+03
2696 5.393000e+03
2697 5.395000e+03
2698 5.397000e+03
2699 5.399000e+03
2700 5.401000e+03
2701 5.403000e+03
2702 5.405000e+03
2703 5.407000e+03
2704 5.409000e+03
2705 5.411000e+03
2706 5.413000e+03
2707 5.415000e+03
2708 5.417000e+03
2709 5.419000e+03
2710 5.421000e+03
2711 5.423000e+03
2712 5.425000e+03
2713 5.427000e+03
2714 5.429000e+03
2715 5.431000e+03
2716 5.433000e+03
2717 5.435000e+03
2718 5.437000e+03
2719 5.439000e+03
2720 5.441000e+03
2721 5.443000e+03
2722 5.445000e+03
2723 5.447000e+03
2724 5.449000e+03
2725 5.451000e+03
2726 5.453000e+03
2727 5.455000e+03
2728 5.457000e+03
2729 5.459000e+03
2730 5.461000e+03
2731 5.463000e+03
2732 5.465000e+03
2733 5.467000e+03
2734 5.469000e+03
2735 5.471000e+03
2736 5.473000e+03
2737 5.475000e+03
2738 5.477000e+03
2739 5.479000e+03
2740 5.481000e+03
2741 5.483000e+03
2742 5.485000e+03
2743 5.487000e+03
2744 5.489000e+03
2745 5.491000e+03
2746 5.493000e+03
2747 5.495000e+03
2748 5.497000e+03
2749 5.499000e+03
2750 5.501000e+03
2751 5.503000e+03
2752 5.505000e+03
2753 5.507000e+03
2754 5.509000e+03
2755 5.511000e+03
2756 5.513000e+03
2757 5.515000e+03
2758 5.517000e+03
2759 5.519000e+03
2760 5.521000e+03
2761 5.523000e+03
2762 5.525000e+03
2763 5.527000e+03
2764 5.529000e+03
2765 5.531000e+03
2766 5.533000e+03
2767 5.535000e+03
2768 5.537000e+03
2769 5.539000e+03
2770 5.541000e+03
2771 5.543000e+03
2772 5.545000e+03
2773 5.547000e+03
2774 5.549000e+03
2775 5.551000e+03
2776 5.553000e+03
2777 5.555000e+03
2778 5.557000e+03
2779 5.559000e+03
2780 5.561000e+03
2781 5.563000e+03
2782 5.565000e+03
2783 5.567000e+03
2784 5.569000e+03
2785 5.571000e+03
2786 5.573000e+03
2787 5.575000e+03
2788 5.577000e+03
2789 5.579000e+03
2790 5.581000e+03
2791 5.583000e+03
2792 5.585000e+03
2793 5.587000e+03
2794 5.589000e+03
2795 5.591000e+03
2796 5.593000e+03
2797 5.595000e+03
2798 5.597000e+03
2799 5.599000e+03
2800 5.601000e+03
2801 5.603000e+03
2802 5.605000e+03
2803 5.607000e+03
2804 5.609000e+03
2805 5.611000e+03
2806 5.613000e+03
2807 5.615000e+03
2808 5.617000e+03
2809 5.619000e+03
2810 5.621000e+03
2811 5.623000e+03
2812 5.625000e+03
2813 5.627000e+03
2814 5.629000e+03
2815 5.631000e+03
2816 5.633000e+03
2817 5.635000e+03
2818 5.637000e+03
2819 5.639000e+03
2820 5.641000e+03
2821 5.643000e+03
2822 5.645000e+03
2823 5.647000e+03
2824 5.649000e+03
2825 5.651000e+03
2826 5.653000e+03
2827 5.655000e+03
2828 5.657000e+03
2829 5.659000e+03
2830 5.661000e+03
2831 5.663000e+03
2832 5.665000e+03
2833 5.667000e+03
2834 5.669000e+03
2835 5.671000e+03
2836 5.673000e+03
2837 5.675000e+03
2838 5.677000e+03
2839 5.679000e+03
2840 5.681000e+03
2841 5.683000e+03
2842 5.685000e+03
2843 5.687000e+03
2844 5.689000e+03
2845 5.691000e+03
2846 5.693000e+03
2847 5.695000e+03
2848 5.697000e+03
2849 5.699000e+03
2850 5.701000e+03
2851 5.703000e+03
2852 5.705000e+03
2853 5.707000e+03
2854 5.709000e+03
2855 5.711000e+03
2856 5.713000e+03
2857 5.715000e+03
2858 5.717000e+03
2859 5.719000e+03
2860 5.721000e+03
2861 5.723000e+03
2862 5.725000e+03
2863 5.727000e+03
2864 5.729000e+03
2865 5.731000e+03
2866 5.733000e+03
2867 5.735000e+03
2868 5.737000e+03
2869 5.739000e+03
2870 5.741000e+03
2871 5.743000e+03
2872 5.745000e+03
2873 5.747000e+03
2874 5.749000e+03
2875 5.751000e+03
2876 5.753000e+03
2877 5.755000e+03
2878 5.757000e+03
2879 5.759000e+03
2880 5.761000e+03
2881 5.763000e+03
2882 5.765000e+03
2883 5.767000e+03
2884 5.769000e+03
2885 5.771000e+03
2886 5.773000e+03
2887 5.775000e+03
2888 5.777000e+03
2889 5.779000e+03
2890 5.781000e+03
2891 5.783000e+03
2892 5.785000e+03
2893 5.787000e+03
2894 5.789000e+03
2895 5.791000e+03
2896 5.793000e+03
2897 5.795000e+03
2898 5.797000e+03
2899 5.799000e+03
2900 5.801000e+03
2901 5.803000e+03
2902 5.805000e+03
2903 5.807000e+03
2904 5.809000e+03
2905 5.811000e+03
2906 5.813000e+03
2907 5.815000e+03
2908 5.817000e+03
2909 5.819000e+03
2910 5.821000e+03
2911 5.823000e+03
2912 5.825000e+03
2913 5.827000e+03
2914 5.829000e+03
2915 5.831000e+03
2916 5.833000e+03
2917 5.835000e+03
2918 5.837000e+03
2919 5.839000e+03
2920 5.841000e+03
2921 5.843000e+03
2922 5.845000e+03
2923 5.847000e+03
2924 5.849000e+03
2925 5.851000e+03
2926 5.853000e+03
2927 5.855000e+03
2928 5.857000e+03
2929 5.859000e+03
2930 5.861000e+03
2931 5.863000e+03
2932 5.865000e+03
2933 5.867000e+03
2934 5.869000e+03
2935 5.871000e+03
2936 5.873000e+03
2937 5.875000e+03
2938 5.877000e+03
2939 5.879000e+03
2940 5.881000e+03
2941 5.883000e+03
2942 5.885000e+03
2943 5.887000e+03
2944 5.889000e+03
2945 5.891000e+03
2946 5.893000e+03
2947 5.895000e+03
2948 5.897000e+03
2949 5.899000e+03
2950 5.901000e+03
2951 5.903000e+03
2952 5.905000e+03
2953 5.907000e+03
2954 5.909000e+03
2955 5.911000e+03
2956 5.913000e+03
2957 5.915000e+03
2958 5.917000e+03
2959 5.919000e+03
2960 5.921000e+03
2961 5.923000e+03
2962 5.925000e+03
2963 5.927000e+03
2964 5.929000e+03
2965 5.931000e+03
2966 5.933000e+03
2967 5.935000e+03
2968 5.937000e+03
2969 5.939000e+03
2970 5.941000e+03
2971 5.943000e+03
2972 5.945000e+03
2973 5.947000e+03
2974 5.949000e+03
2975 5.951000e+03
2976 5.953000e+03
2977 5.955000e+03
2978 5.957000e+03
2979 5.959000e+03
2980 5.961000e+03
2981 5.963000e+03
2982 5.965000e+03
2983 5.967000e+03
2984 5.969000e+03
2985 5.971000e+03
2986 5.973000e+03
2987 5.975000e+03
2988 5.977000e+03
2989 5.979000e+03
2990 5.981000e+03
2991 5.983000e+03
2992 5.985000e+03
2993 5.987000e+03
2994 5.989000e+03
2995 5.991000e+03
2996 5.993000e+03
2997 5.995000e+03
2998 5.997000e+03
2999 5.999000e+03
3000 6.001000e+03
3001 6.003000e+03
3002 6.005000e+03
3003 6.007000e+03
3004 6.009000e+03
3005 6.011000e+03
3006 6.013000e+03
3007 6.015000e+03
3008 6.017000e+03
3009 6.019000e+03
3010 6.021000e+03
3011 6.023000e+03
3012 6.025000e+03
3013 6.027000e+03
3014 6.029000e+03
3015 6.031000e+03
3016 6.033000e+03
3017 6.035000e+03
3018 6.037000e+03
3019 6.039000e+03
3020 6.041000e+03
3021 6.043000e+03
3022 6.045000e+03
3023 6.047000e+03
3024 6.049000e+03
3025 6.051000e+03
3026 6.053000e+03
3027 6.055000e+03
3028 6.057000e+03
3029 6.059000e+03
3030 6.061000e+03
3031 6.063000e+03
3032 6.065000e+03
3033 6.067000e+03
3034 6.069000e+03
3035 6.071000e+03
3036 6.073000e+03
3037 6.075000e+03
3038 6.077000e+03
3039 6.079000e+03
3040 6.081000e+03
3041 6.083000e+03
3042 6.085000e+03
3043 6.087000e+03
3044 6.089000e+03
3045 6.091000e+03
3046 6.093000e+03
3047 6.095000e+03
3048 6.097000e+03
3049 6.099000e+03
3050 6.101000e+03
3051 6.103000e+03
3052 6.105000e+03
3053 6.107000e+03
3054 6.109000e+03
3055 6.111000e+03
3056 6.113000e+03
3057 6.115000e+03
3058 6.117000e+03
3059 6.119000e+03
3060 6.121000e+03
3061 6.123000e+03
3062 6.125000e+03
3063 6.127000e+03
3064 6.129000e+03
3065 6.131000e+03
3066 6.133000e+03
3067 6.135000e+03
3068 6.137000e+03
3069 6.139000e+03
3070 6.141000e+03
3071 6.143000e+03
3072 6.145000e+03
3073 6.147000e+03
3074 6.149000e+03
3075 6.151000e+03
3076 6.153000e+03
3077 6.155000e+03
3078 6.157000e+03
3079 6.159000e+03
3080 6.161000e+03
3081 6.163000e+03
3082 6.165000e+03
3083 6.167000e+03
3084 6.169000e+03
3085 6.171000e+03
3086 6.173000e+03
3087 6.175000e+03
3088 6.177000e+03
3089 6.179000e+03
3090 6.181000e+03
3091 6.183000e+03
3092 6.185000e+03
3093 6.187000e+03
3094 6.189000e+03
3095 6.191000e+03
3096 6.193000e+03
3097 6.195000e+03
3098 6.197000e+03
3099 6.199000e+03
3100 6.201000e+03
3101 6.203000e+03
3102 6.205000e+03
3103 6.207000e+03
3104 6.209000e+03
3105 6.211000e+03
3106 6.213000e+03
3107 6.215000e+03
3108 6.217000e+03
3109 6.219000e+03
3110 6.221000e+03
3111 6.223000e+03
3112 6.225000e+03
3113 6.227000e+03
3114 6.229000e+03
3115 6.231000e+03
3116 6.233000e+03
3117 6.235000e+03
3118 6.237000e+03
3119 6.239000e+03
3120 6.241000e+03
3121 6.243000e+03
3122 6.245000e+03
3123 6.247000e+03
3124 6.249000e+03
3125 6.251000e+03
3126 6.253000e+03
3127 6.255000e+03
3128 6.257000e+03
3129 6.259000e+03
3130 6.261000e+03
3131 6.263000e+03
3132 6.265000e+03
3133 6.267000e+03
3134 6.269000e+03
3135 6.271000e+03
3136 6.273000e+03
3137 6.275000e+03
3138 6.277000e+03
3139 6.279000e+03
3140 6.281000e+03
3141 6.283000e+03
3142 6.285000e+03
3143 6.287000e+03
3144 6.289000e+03
3145 6.291000e+03
3146 6.293000e+03
3147 6.295000e+03
3148 6.297000e+03
3149 6.299000e+03
3150 6.301000e+03
3151 6.303000e+03
3152 6.305000e+03
3153 6.307000e+03
3154 6.309000e+03
3155 6.311000e+03
3156 6.313000e+03
3157 6.315000e+03
3158 6.317000e+03
3159 6.319000e+03
3160 6.321000e+03
3161 6.323000e+03
3162 6.325000e+03
3163 6.327000e+03
3164 6.329000e+03
3165 6.331000e+03
3166 6.333000e+03
3167 6.335000e+03
3168 6.337000e+03
3169 6.339000e+03
3170 6.341000e+03
3171 6.343000e+03
3172 6.345000e+03
3173 6.347000e+03
3174 6.349000e+03
3175 6.351000e+03
3176 6.353000e+03
3177 6.355000e+03
3178 6.357000e+03
3179 6.359000e+03
3180 6.361000e+03
3181 6.363000e+03
3182 6.365000e+03
3183 6.367000e+03
3184 6.369000e+03
3185 6.371000e+03
3186 6.373000e+03
3187 6.375000e+03
3188 6.377000e+03
3189 6.379000e+03
3190 6.381000e+03
3191 6.383000e+03
3192 6.385000e+03
3193 6.387000e+03
3194 6.389000e+03
3195 6.391000e+03
3196 6.393000e+03
3197 6.395000e+03
3198 6.397000e+03
3199 6.399000e+03
3200 6.401000e+03
3201 6.403000e+03
3202 6.405000e+03
3203 6.407000e+03
3204 6.409000e+03
3205 6.411000e+03
3206 6.413000e+03
3207 6.415000e+03
3208 6.417000e+03
3209 6.419000e+03
3210 6.421000e+03
3211 6.423000e+03
3212 6.425000e+03
3213 6.427000e+03
3214 6.429000e+03
3215 6.431000e+03
3216 6.433000e+03
3217 6.435000e+03
3218 6.437000e+03
3219 6.439000e+03
3220 6.441000e+03
3221 6.443000e+03
3222 6.445000e+03
3223 6.447000e+03
3224 6.449000e+03
3225 6.451000e+03
3226 6.453000e+03
3227 6.455000e+03
3228 6.457000e+03
3229 6.459000e+03
3230 6.461000e+03
3231 6.463000e+03
3232 6.465000e+03
3233 6.467000e+03
3234 6.469000e+03
3235 6.471000e+03
3236 6.473000e+03
3237 6.475000e+03
3238 6.477000e+03
3239 6.479000e+03
3240 6.481000e+03
3241 6.483000e+03
3242 6.485000e+03
3243 6.487000e+03
3244 6.489000e+03
3245 6.491000e+03
3246 6.493000e+03
3247 6.495000e+03
3248 6.497000e+03
3249 6.499000e+03
3250 6.501000e+03
3251 6.503000e+03
3252 6.505000e+03
3253 6.507000e+03
3254 6.509000e+03
3255 6.511000e+03
3256 6.513000e+03
3257 6.515000e+03
3258 6.517000e+03
3259 6.519000e+03
3260 6.521000e+03
3261 6.523000e+03
3262 6.525000e+03
3263 6.527000e+03
3264 6.529000e+03
3265 6.531000e+03
3266 6.533000e+03
3267 6.535000e+03
3268 6.537000e+03
3269 6.539000e+03
3270 6.541000e+03
3271 6.543000e+03
3272 6.545000e+03
3273 6.547000e+03
3274 6.549000e+03
3275 6.551000e+03
3276 6.553000e+03
3277 6.555000e+03
3278 6.557000e+03
3279 6.559000e+03
3280 6.561000e+03
3281 6.563000e+03
3282 6.565000e+03
3283 6.567000e+03
3284 6.569000e+03
3285 6.571000e+03
3286 6.573000e+03
3287 6.575000e+03
3288 6.577000e+03
3289 6.579000e+03
3290 6.581000e+03
3291 6.583000e+03
3292 6.585000e+03
3293 6.587000e+03
3294 6.589000e+03
3295 6.591000e+03
3296 6.593000e+03
3297 6.595000e+03
3298 6.597000e+03
3299 6.599000e+03
3300 6.601000e+03
3301 6.603000e+03
3302 6.605000e+03
3303 6.607000e+03
3304 6.609000e+03
3305 6.611000e+03
3306 6.613000e+03
3307 6.615000e+03
3308 6.617000e+03
3309 6.619000e+03
3310 6.621000e+03
3311 6.623000e+03
3312 6.625000e+03
3313 6.627000e+03
3314 6.629000e+03
3315 6.631000e+03
3316 6.633000e+03
3317 6.635000e+03
3318 6.637000e+03
3319 6.639000e+03
3320 6.641000e+03
3321 6.643000e+03
3322 6.645000e+03
3323 6.647000e+03
3324 6.649000e+03
3325 6.651000e+03
3326 6.653000e+03
3327 6.655000e+03
3328 6.657000e+03
3329 6.659000e+03
3330 6.661000e+03
3331 6.663000e+03
3332 6.665000e+03
3333 6.667000e+03
3334 6.669000e+03
3335 6.671000e+03
3336 6.673000e+03
3337 6.675000e+03
3338 6.677000e+03
3339 6.679000e+03
3340 6.681000e+03
3341 6.683000e+03
3342 6.685000e+03
3343 6.687000e+03
3344 6.689000e+03
3345 6.691000e+03
3346 6.693000e+03
3347 6.695000e+03
3348 6.697000e+03
3349 6.699000e+03
3350 6.701000e+03
3351 6.703000e+03
3352 6.705000e+03
3353 6.707000e+03
3354 6.709000e+03
3355 6.711000e+03
3356 6.713000e+03
3357 6.715000e+03
3358 6.717000e+03
3359 6.719000e+03
3360 6.721000e+03
3361 6.723000e+03
3362 6.725000e+03
3363 6.727000e+03
3364 6.729000e+03
3365 6.731000e+03
3366 6.733000e+03
3367 6.735000e+03
3368 6.737000e+03
3369 6.739000e+03
3370 6.741000e+03
3371 6.743000e+03
3372 6.745000e+03
3373 6.747000e+03
3374 6.749000e+03
3375 6.751000e+03
3376 6.753000e+03
3377 6.755000e+03
3378 6.757000e+03
3379 6.759000e+03
3380 6.761000e+03
3381 6.763000e+03
3382 6.765000e+03
3383 6.767000e+03
3384 6.769000e+03
3385 6.771000e+03
3386 6.773000e+03
3387 6.775000e+03
3388 6.777000e+03
3389 6.779000e+03
3390 6.781000e+03
3391 6.783000e+03
3392 6.785000e+03
3393 6.787000e+03
3394 6.789000e+03
3395 6.791000e+03
3396 6.793000e+03
3397 6.795000e+03
3398 6.797000e+03
3399 6.799000e+03
3400 6.801000e+03
3401 6.803000e+03
3402 6.805000e+03
3403 6.807000e+03
3404 6.809000e+03
3405 6.811000e+03
3406 6.813000e+03
3407 6.815000e+03
3408 6.817000e+03
3409 6.819000e+03
3410 6.821000e+03
3411 6.823000e+03
3412 6.825000e+03
3413 6.827000e+03
3414 6.829000e+03
3415 6.831000e+03
3416 6.833000e+03
3417 6.835000e+03
3418 6.837000e+03
3419 6.839000e+03
3420 6.841000e+03
3421 6.843000e+03
3422 6.845000e+03
3423 6.847000e+03
3424 6.849000e+03
3425 6.851000e+03
3426 6.853000e+03
3427 6.855000e+03
3428 6.857000e+03
3429 6.859000e+03
3430 6.861000e+03
3431 6.863000e+03
3432 6.865000e+03
3433 6.867000e+03
3434 6.869000e+03
3435 6.871000e+03
3436 6.873000e+03
3437 6.875000e+03
3438 6.877000e+03
3439 6.879000e+03
3440 6.881000e+03
3441 6.883000e+03
3442 6.885000e+03
3443 6.887000e+03
3444 6.889000e+03
3445 6.891000e+03
3446 6.893000e+03
3447 6.895000e+03
3448 6.897000e+03
3449 6.899000e+03
3450 6.901000e+03
3451 6.903000e+03
3452 6.905000e+03
3453 6.907000e+03
3454 6.909000e+03
3455 6.911000e+03
3456 6.913000e+03
3457 6.915000e+03
3458 6.917000e+03
3459 6.919000e+03
3460 6.921000e+03
3461 6.923000e+03
3462 6.925000e+03
3463 6.927000e+03
3464 6.929000e+03
3465 6.931000e+03
3466 6.933000e+03
3467 6.935000e+03
3468 6.937000e+03
3469 6.939000e+03
3470 6.941000e+03
3471 6.943000e+03
3472 6.945000e+03
3473 6.947000e+03
3474 6.949000e+03
3475 6.951000e+03
3476 6.953000e+03
3477 6.955000e+03
3478 6.957000e+03
3479 6.959000e+03
3480 6.961000e+03
3481 6.963000e+03
3482 6.965000e+03
3483 6.967000e+03
3484 6.969000e+03
3485 6.971000e+03
3486 6.973000e+03
3487 6.975000e+03
3488 6.977000e+03
3489 6.979000e+03
3490 6.981000e+03
3491 6.983000e+03
3492 6.985000e+03
3493 6.987000e+03
3494 6.989000e+03
3495 6.991000e+03
3496 6.993000e+03
3497 6.995000e+03
3498 6.997000e+03
3499 6.999000e+03
3500 7.001000e+03
3501 7.003000e+03
3502 7.005000e+03
3503 7.007000e+03
3504 7.009000e+03
3505 7.011000e+03
3506 7.013000e+03
3507 7.015000e+03
3508 7.017000e+03
3509 7.019000e+03
3510 7.021000e+03
3511 7.023000e+03
3512 7.025000e+03
3513 7.027000e+03
3514 7.029000e+03
3515 7.031000e+03
3516 7.033000e+03
3517 7.035000e+03
3518 7.037000e+03
3519 7.039000e+03
3520 7.041000e+03
3521 7.043000e+03
3522 7.045000e+03
3523 7.047000e+03
3524 7.049000e+03
3525 7.051000e+03
3526 7.053000e+03
3527 7.055000e+03
3528 7.057000e+03
3529 7.059000e+03
3530 7.061000e+03
3531 7.063000e+03
3532 7.065000e+03
3533 7.067000e+03
3534 7.069000e+03
3535 7.071000e+03
3536 7.073000e+03
3537 7.075000e+03
3538 7.077000e+03
3539 7.079000e+03
3540 7.081000e+03
3541 7.083000e+03
3542 7.085000e+03
3543 7.087000e+03
3544 7.089000e+03
3545 7.091000e+03
3546 7.093000e+03
3547 7.095000e+03
3548 7.097000e+03
3549 7.099000e+03
3550 7.101000e+03
3551 7.103000e+03
3552 7.105000e+03
3553 7.107000e+03
3554 7.109000e+03
3555 7.111000e+03
3556 7.113000e+03
3557 7.115000e+03
3558 7.117000e+03
3559 7.119000e+03
3560 7.121000e+03
3561 7.123000e+03
3562 7.125000e+03
3563 7.127000e+03
3564 7.129000e+03
3565 7.131000e+03
3566 7.133000e+03
3567 7.135000e+03
3568 7.137000e+03
3569 7.139000e+03
3570 7.141000e+03
3571 7.143000e+03
3572 7.145000e+03
3573 7.147000e+03
3574 7.149000e+03
3575 7.151000e+03
3576 7.153000e+03
3577 7.155000e+03
3578 7.157000e+03
3579 7.159000e+03
3580 7.161000e+03
3581 7.163000e+03
3582 7.165000e+03
3583 7.167000e+03
3584 7.169000e+03
3585 7.171000e+03
3586 7.173000e+03
3587 7.175000e+03
3588 7.177000e+03
3589 7.179000e+03
3590 7.181000e+03
3591 7.183000e+03
3592 7.185000e+03
3593 7.187000e+03
3594 7.189000e+03
3595 7.191000e+03
3596 7.193000e+03
3597 7.195000e+03
3598 7.197000e+03
3599 7.199000e+03
3600 7.201000e+03
3601 7.203000e+03
3602 7.205000e+03
3603 7.207000e+03
3604 7.209000e+03
3605 7.211000e+03
3606 7.213000e+03
3607 7.215000e+03
3608 7.217000e+03
3609 7.219000e+03
3610 7.221000e+03
3611 7.223000e+03
3612 7.225000e+03
3613 7.227000e+03
3614 7.229000e+03
3615 7.231000e+03
3616 7.233000e+03
3617 7.235000e+03
3618 7.237000e+03
3619 7.239000e+03
3620 7.241000e+03
3621 7.243000e+03
3622 7.245000e+03
3623 7.247000e+03
3624 7.249000e+03
3625 7.251000e+03
3626 7.253000e+03
3627 7.255000e+03
3628 7.257000e+03
3629 7.259000e+03
3630 7.261000e+03
3631 7.263000e+03
3632 7.265000e+03
3633 7.267000e+03
3634 7.269000e+03
3635 7.271000e+03
3636 7.273000e+03
3637 7.275000e+03
3638 7.277000e+03
3639 7.279000e+03
3640 7.281000e+03
3641 7.283000e+03
3642 7.285000e+03
3643 7.287000e+03
3644 7.289000e+03
3645 7.291000e+03
3646 7.293000e+03
3647 7.295000e+03
3648 7.297000e+03
3649 7.299000e+03
3650 7.301000e+03
3651 7.303000e+03
3652 7.305000e+03
3653 7.307000e+03
3654 7.309000e+03
3655 7.311000e+03
3656 7.313000e+03
3657 7.315000e+03
3658 7.317000e+03
3659 7.319000e+03
3660 7.321000e+03
3661 7.323000e+03
3662 7.325000e+03
3663 7.327000e+03
3664 7.329000e+03
3665 7.331000e+03
3666 7.333000e+03
3667 7.335000e+03
3668 7.337000e+03
3669 7.339000e+03
3670 7.341000e+03
3671 7.343000e+03
3672 7.345000e+03
3673 7.347000e+03
3674 7.349000e+03
3675 7.351000e+03
3676 7.353000e+03
3677 7.355000e+03
3678 7.357000e+03
3679 7.359000e+03
3680 7.361000e+03
3681 7.363000e+03
3682 7.365000e+03
3683 7.367000e+03
3684 7.369000e+03
3685 7.371000e+03
3686 7.373000e+03
3687 7.375000e+03
3688 7.377000e+03
3689 7.379000e+03
3690 7.381000e+03
3691 7.383000e+03
3692 7.385000e+03
3693 7.387000e+03
3694 7.389000e+03
3695 7.391000e+03
3696 7.393000e+03
3697 7.395000e+03
3698 7.397000e+03
3699 7.399000e+03
3700 7.401000e+03
3701 7.403000e+03
3702 7.405000e+03
3703 7.407000e+03
3704 7.409000e+03
3705 7.411000e+03
3706 7.413000e+03
3707 7.415000e+03
3708 7.417000e+03
3709 7.419000e+03
3710 7.421000e+03
3711 7.423000e+03
3712 7.425000e+03
3713 7.427000e+03
3714 7.429000e+03
3715 7.431000e+03
3716 7.433000e+03
3717 7.435000e+03
3718 7.437000e+03
3719 7.439000e+03
3720 7.441000e+03
3721 7.443000e+03
3722 7.445000e+03
3723 7.447000e+03
3724 7.449000e+03
3725 7.451000e+03
3726 7.453000e+03
3727 7.455000e+03
3728 7.457000e+03
3729 7.459000e+03
3730 7.461000e+03
3731 7.463000e+03
3732 7.465000e+03
3733 7.467000e+03
3734 7.469000e+03
3735 7.471000e+03
3736 7.473000e+03
3737 7.475000e+03
3738 7.477000e+03
3739 7.479000e+03
3740 7.481000e+03
3741 7.483000e+03
3742 7.485000e+03
3743 7.487000e+03
3744 7.489000e+03
3745 7.491000e+03
3746 7.493000e+03
3747 7.495000e+03
3748 7.497000e+03
3749 7.499000e+03
3750 7.501000e+03
3751 7.503000e+03
3752 7.505000e+03
3753 7.507000e+03
3754 7.509000e+03
3755 7.511000e+03
3756 7.513000e+03
3757 7.515000e+03
3758 7.517000e+03
3759 7.519000e+03
3760 7.521000e+03
3761 7.523000e+03
3762 7.525000e+03
3763 7.527000e+03
3764 7.529000e+03
3765 7.531000e+03
3766 7.533000e+03
3767 7.535000e+03
3768 7.537000e+03
3769 7.539000e+03
3770 7.541000e+03
3771 7.543000e+03
3772 7.545000e+03
3773 7.547000e+03
3774 7.549000e+03
3775 7.551000e+03
3776 7.553000e+03
3777 7.555000e+03
3778 7.557000e+03
3779 7.559000e+03
3780 7.561000e+03
3781 7.563000e+03
3782 7.565000e+03
3783 7.567000e+03
3784 7.569000e+03
3785 7.571000e+03
3786 7.573000e+03
3787 7.575000e+03
3788 7.577000e+03
3789 7.579000e+03
3790 7.581000e+03
3791 7.583000e+03
3792 7.585000e+03
3793 7.587000e+03
3794 7.589000e+03
3795 7.591000e+03
3796 7.593000e+03
3797 7.595000e+03
3798 7.597000e+03
3799 7.599000e+03
3800 7.601000e+03
3801 7.603000e+03
3802 7.605000e+03
3803 7.607000e+03
3804 7.609000e+03
3805 7.611000e+03
3806 7.613000e+03
3807 7.615000e+03
3808 7.617000e+03
3809 7.619000e+03
3810 7.621000e+03
3811 7.623000e+03
3812 7.625000e+03
3813 7.627000e+03
3814 7.629000e+03
3815 7.631000e+03
3816 7.633000e+03
3817 7.635000e+03
3818 7.637000e+03
3819 7.639000e+03
3820 7.641000e+03
3821 7.643000e+03
3822 7.645000e+03
3823 7.647000e+03
3824 7.649000e+03
3825 7.651000e+03
3826 7.653000e+03
3827 7.655000e+03
3828 7.657000e+03
3829 7.659000e+03
3830 7.661000e+03
3831 7.663000e+03
3832 7.665000e+03
3833 7.667000e+03
3834 7.669000e+03
3835 7.671000e+03
3836 7.673000e+03
3837 7.675000e+03
3838 7.677000e+03
3839 7.679000e+03
3840 7.681000e+03
3841 7.683000e+03
3842 7.685000e+03
3843 7.687000e+03
3844 7.689000e+03
3845 7.691000e+03
3846 7.693000e+03
3847 7.695000e+03
3848 7.697000e+03
3849 7.699000e+03
3850 7.701000e+03
3851 7.703000e+03
3852 7.705000e+03
3853 7.707000e+03
3854 7.709000e+03
3855 7.711000e+03
3856 7.713000e+03
3857 7.715000e+03
3858 7.717000e+03
3859 7.719000e+03
3860 7.721000e+03
3861 7.723000e+03
3862 7.725000e+03
3863 7.727000e+03
3864 7.729000e+03
3865 7.731000e+03
3866 7.733000e+03
3867 7.735000e+03
3868 7.737000e+03
3869 7.739000e+03
3870 7.741000e+03
3871 7.743000e+03
3872 7.745000e+03
3873 7.747000e+03
3874 7.749000e+03
3875 7.751000e+03
3876 7.753000e+03
3877 7.755000e+03
3878 7.757000e+03
3879 7.759000e+03
3880 7.761000e+03
3881 7.763000e+03
3882 7.765000e+03
3883 7.767000e+03
3884 7.769000e+03
3885 7.771000e+03
3886 7.773000e+03
3887 7.775000e+03
3888 7.777000e+03
3889 7.779000e+03
3890 7.781000e+03
3891 7.783000e+03
3892 7.785000e+03
3893 7.787000e+03
3894 7.789000e+03
3895 7.791000e+03
3896 7.793000e+03
3897 7.795000e+03
3898 7.797000e+03
3899 7.799000e+03
3900 7.801000e+03
3901 7.803000e+03
3902 7.805000e+03
3903 7.807000e+03
3904 7.809000e+03
3905 7.811000e+03
3906 7.813000e+03
3907 7.815000e+03
3908 7.817000e+03
3909 7.819000e+03
3910 7.821000e+03
3911 7.823000e+03
3912 7.825000e+03
3913 7.827000e+03
3914 7.829000e+03
3915 7.831000e+03
3916 7.833000e+03
3917 7.835000e+03
3918 7.837000e+03
3919 7.839000e+03
3920 7.841000e+03
3921 7.843000e+03
3922 7.845000e+03
3923 7.847000e+03
3924 7.849000e+03
3925 7.851000e+03
3926 7.853000e+03
3927 7.855000e+03
3928 7.857000e+03
3929 7.859000e+03
3930 7.861000e+03
3931 7.863000e+03
3932 7.865000e+03
3933 7.867000e+03
3934 7.869000e+03
3935 7.871000e+03
3936 7.873000e+03
3937 7.875000e+03
3938 7.877000e+03
3939 7.879000e+03
3940 7.881000e+03
3941 7.883000e+03
3942 7.885000e+03
3943 7.887000e+03
3944 7.889000e+03
3945 7.891000e+03
3946 7.893000e+03
3947 7.895000e+03
3948 7.897000e+03
3949 7.899000e+03
3950 7.901000e+03
3951 7.903000e+03
3952 7.905000e+03
3953 7.907000e+03
3954 7.909000e+03
3955 7.911000e+03
3956 7.913000e+03
3957 7.915000e+03
3958 7.917000e+03
3959 7.919000e+03
3960 7.921000e+03
3961 7.923000e+03
3962 7.925000e+03
3963 7.927000e+03
3964 7.929000e+03
3965 7.931000e+03
3966 7.933000e+03
3967 7.935000e+03
3968 7.937000e+03
3969 7.939000e+03
3970 7.941000e+03
3971 7.943000e+03
3972 7.945000e+03
3973 7.947000e+03
3974 7.949000e+03
3975 7.951000e+03
3976 7.953000e+03
3977 7.955000e+03
3978 7.957000e+03
3979 7.959000e+03
3980 7.961000e+03
3981 7.963000e+03
3982 7.965000e+03
3983 7.967000e+03
3984 7.969000e+03
3985 7.971000e+03
3986 7.973000e+03
3987 7.975000e+03
3988 7.977000e+03
3989 7.979000e+03
3990 7.981000e+03
3991 7.983000e+03
3992 7.985000e+03
3993 7.987000e+03
3994 7.989000e+03
3995 7.991000e+03
3996 7.993000e+03
3997 7.995000e+03
3998 7.997000e+03
3999 7.999000e+03
4000 8.001000e+03
4001 8.003000e+03
4002 8.005000e+03
4003 8.007000e+03
4004 8.009000e+03
4005 8.011000e+03
4006 8.013000e+03
4007 8.015000e+03
4008 8.017000e+03
4009 8.019000e+03
4010 8.021000e+03
4011 8.023000e+03
4012 8.025000e+03
4013 8.027000e+03
4014 8.029000e+03
4015 8.031000e+03
4016 8.033000e+03
4017 8.035000e+03
4018 8.037000e+03
4019 8.039000e+03
4020 8.041000e+03
4021 8.043000e+03
4022 8.045000e+03
4023 8.047000e+03
4024 8.049000e+03
4025 8.051000e+03
4026 8.053000e+03
4027 8.055000e+03
4028 8.057000e+03
4029 8.059000e+03
4030 8.061000e+03
4031 8.063000e+03
4032 8.065000e+03
4033 8.067000e+03
4034 8.069000e+03
4035 8.071000e+03
4036 8.073000e+03
4037 8.075000e+03
4038 8.077000e+03
4039 8.079000e+03
4040 8.081000e+03
4041 8.083000e+03
4042 8.085000e+03
4043 8.087000e+03
4044 8.089000e+03
4045 8.091000e+03
4046 8.093000e+03
4047 8.095000e+03
4048 8.097000e+03
4049 8.099000e+03
4050 8.101000e+03
4051 8.103000e+03
4052 8.105000e+03
4053 8.107000e+03
4054 8.109000e+03
4055 8.111000e+03
4056 8.113000e+03
4057 8.115000e+03
4058 8.117000e+03
4059 8.119000e+03
4060 8.121000e+03
4061 8.123000e+03
4062 8.125000e+03
4063 8.127000e+03
4064 8.129000e+03
4065 8.131000e+03
4066 8.133000e+03
4067 8.135000e+03
4068 8.137000e+03
4069 8.139000e+03
4070 8.141000e+03
4071 8.143000e+03
4072 8.145000e+03
4073 8.147000e+03
4074 8.149000e+03
4075 8.151000e+03
4076 8.153000e+03
4077 8.155000e+03
4078 8.157000e+03
4079 8.159000e+03
4080 8.161000e+03
4081 8.163000e+03
4082 8.165000e+03
4083 8.167000e+03
4084 8.169000e+03
4085 8.171000e+03
4086 8.173000e+03
4087 8.175000e+03
4088 8.177000e+03
4089 8.179000e+03
4090 8.181000e+03
4091 8.183000e+03
4092 8.185000e+03
4093 8.187000e+03
4094 8.189000e+03
4095 8.191000e+03
4096 8.193000e+03
4097 8.195000e+03
4098 8.197000e+03
4099 8.199000e+03
4100 8.201000e+03
4101 8.203000e+03
4102 8.205000e+03
4103 8.207000e+03
4104 8.209000e+03
4105 8.211000e+03
4106 8.213000e+03
4107 8.215000e+03
4108 8.217000e+03
4109 8.219000e+03
4110 8.221000e+03
4111 8.223000e+03
4112 8.225000e+03
4113 8.227000e+03
4114 8.229000e+03
4115 8.231000e+03
4116 8.233000e+03
4117 8.235000e+03
4118 8.237000e+03
4119 8.239000e+03
4120 8.241000e+03
4121 8.243000e+03
4122 8.245000e+03
4123 8.247000e+03
4124 8.249000e+03
4125 8.251000e+03
4126 8.253000e+03
4127 8.255000e+03
4128 8.257000e+03
4129 8.259000e+03
4130 8.261000e+03
4131 8.263000e+03
4132 8.265000e+03
4133 8.267000e+03
4134 8.269000e+03
4135 8.271000e+03
4136 8.273000e+03
4137 8.275000e+03
4138 8.277000e+03
4139 8.279000e+03
4140 8.281000e+03
4141 8.283000e+03
4142 8.285000e+03
4143 8.287000e+03
4144 8.289000e+03
4145 8.291000e+03
4146 8.293000e+03
4147 8.295000e+03
4148 8.297000e+03
4149 8.299000e+03
4150 8.301000e+03
4151 8.303000e+03
4152 8.305000e+03
4153 8.307000e+03
4154 8.309000e+03
4155 8.311000e+03
4156 8.313000e+03
4157 8.315000e+03
4158 8.317000e+03
4159 8.319000e+03
4160 8.321000e+03
4161 8.323000e+03
4162 8.325000e+03
4163 8.327000e+03
4164 8.329000e+03
4165 8.331000e+03
4166 8.333000e+03
4167 8.335000e+03
4168 8.337000e+03
4169 8.339000e+03
4170 8.341000e+03
4171 8.343000e+03
4172 8.345000e+03
4173 8.347000e+03
4174 8.349000e+03
4175 8.351000e+03
4176 8.353000e+03
4177 8.355000e+03
4178 8.357000e+03
4179 8.359000e+03
4180 8.361000e+03
4181 8.363000e+03
4182 8.365000e+03
4183 8.367000e+03
4184 8.369000e+03
4185 8.371000e+03
4186 8.373000e+03
4187 8.375000e+03
4188 8.377000e+03
4189 8.379000e+03
4190 8.381000e+03
4191 8.383000e+03
4192 8.385000e+03
4193 8.387000e+03
4194 8.389000e+03
4195 8.391000e+03
4196 8.393000e+03
4197 8.395000e+03
4198 8.397000e+03
4199 8.399000e+03
4200 8.401000e+03
4201 8.403000e+03
4202 8.405000e+03
4203 8.407000e+03
4204 8.409000e+03
4205 8.411000e+03
4206 8.413000e+03
4207 8.415000e+03
4208 8.417000e+03
4209 8.419000e+03
4210 8.421000e+03
4211 8.423000e+03
4212 8.425000e+03
4213 8.427000e+03
4214 8.429000e+03
4215 8.431000e+03
4216 8.433000e+03
4217 8.435000e+03
4218 8.437000e+03
4219 8.439000e+03
4220 8.441000e+03
4221 8.443000e+03
4222 8.445000e+03
4223 8.447000e+03
4224 8.449000e+03
4225 8.451000e+03
4226 8.453000e+03
4227 8.455000e+03
4228 8.457000e+03
4229 8.459000e+03
4230 8.461000e+03
4231 8.463000e+03
4232 8.465000e+03
4233 8.467000e+03
4234 8.469000e+03
4235 8.471000e+03
4236 8.473000e+03
4237 8.475000e+03
4238 8.477000e+03
4239 8.479000e+03
4240 8.481000e+03
4241 8.483000e+03
4242 8.485000e+03
4243 8.487000e+03
4244 8.489000e+03
4245 8.491000e+03
4246 8.493000e+03
4247 8.495000e+03
4248 8.497000e+03
4249 8.499000e+03
4250 8.501000e+03
4251 8.503000e+03
4252 8.505000e+03
4253 8.507000e+03
4254 8.509000e+03
4255 8.511000e+03
4256 8.513000e+03
4257 8.515000e+03
4258 8.517000e+03
4259 8.519000e+03
4260 8.521000e+03
4261 8.523000e+03
4262 8.525000e+03
4263 8.527000e+03
4264 8.529000e+03
4265 8.531000e+03
4266 8.533000e+03
4267 8.535000e+03
4268 8.537000e+03
4269 8.539000e+03
4270 8.541000e+03
4271 8.543000e+03
4272 8.545000e+03
4273 8.547000e+03
4274 8.549000e+03
4275 8.551000e+03
4276 8.553000e+03
4277 8.555000e+03
4278 8.557000e+03
4279 8.559000e+03
4280 8.561000e+03
4281 8.563000e+03
4282 8.565000e+03
4283 8.567000e+03
4284 8.569000e+03
4285 8.571000e+03
4286 8.573000e+03
4287 8.575000e+03
4288 8.577000e+03
4289 8.579000e+03
4290 8.581000e+03
4291 8.583000e+03
4292 8.585000e+03
4293 8.587000e+03
4294 8.589000e+03
4295 8.591000e+03
4296 8.593000e+03
4297 8.595000e+03
4298 8.597000e+03
4299 8.599000e+03
4300 8.601000e+03
4301 8.603000e+03
4302 8.605000e+03
4303 8.607000e+03
4304 8.609000e+03
4305 8.611000e+03
4306 8.613000e+03
4307 8.615000e+03
4308 8.617000e+03
4309 8.619000e+03
4310 8.621000e+03
4311 8.623000e+03
4312 8.625000e+03
4313 8.627000e+03
4314 8.629000e+03
4315 8.631000e+03
4316 8.633000e+03
4317 8.635000e+03
4318 8.637000e+03
4319 8.639000e+03
4320 8.641000e+03
4321 8.643000e+03
4322 8.645000e+03
4323 8.647000e+03
4324 8.649000e+03
4325 8.651000e+03
4326 8.653000e+03
4327 8.655000e+03
4328 8.657000e+03
4329 8.659000e+03
4330 8.661000e+03
4331 8.663000e+03
4332 8.665000e+03
4333 8.667000e+03
4334 8.669000e+03
4335 8.671000e+03
4336 8.673000e+03
4337 8.675000e+03
4338 8.677000e+03
4339 8.679000e+03
4340 8.681000e+03
4341 8.683000e+03
4342 8.685000e+03
4343 8.687000e+03
4344 8.689000e+03
4345 8.691000e+03
4346 8.693000e+03
4347 8.695000e+03
4348 8.697000e+03
4349 8.699000e+03
4350 8.701000e+03
4351 8.703000e+03
4352 8.705000e+03
4353 8.707000e+03
4354 8.709000e+03
4355 8.711000e+03
4356 8.713000e+03
4357 8.715000e+03
4358 8.717000e+03
4359 8.719000e+03
4360 8.721000e+03
4361 8.723000e+03
4362 8.725000e+03
4363 8.727000e+03
4364 8.729000e+03
4365 8.731000e+03
4366 8.733000e+03
4367 8.735000e+03
4368 8.737000e+03
4369 8.739000e+03
4370 8.741000e+03
4371 8.743000e+03
4372 8.745000e+03
4373 8.747000e+03
4374 8.749000e+03
4375 8.751000e+03
4376 8.753000e+03
4377 8.755000e+03
4378 8.757000e+03
4379 8.759000e+03
4380 8.761000e+03
4381 8.763000e+03
4382 8.765000e+03
4383 8.767000e+03
4384 8.769000e+03
4385 8.771000e+03
4386 8.773000e+03
4387 8.775000e+03
4388 8.777000e+03
4389 8.779000e+03
4390 8.781000e+03
4391 8.783000e+03
4392 8.785000e+03
4393 8.787000e+03
4394 8.789000e+03
4395 8.791000e+03
4396 8.793000e+03
4397 8.795000e+03
4398 8.797000e+03
4399 8.799000e+03
4400 8.801000e+03
4401 8.803000e+03
4402 8.805000e+03
4403 8.807000e+03
4404 8.809000e+03
4405 8.811000e+03
4406 8.813000e+03
4407 8.815000e+03
4408 8.817000e+03
4409 8.819000e+03
4410 8.821000e+03
4411 8.823000e+03
4412 8.825000e+03
4413 8.827000e+03
4414 8.829000e+03
4415 8.831000e+03
4416 8.833000e+03
4417 8.835000e+03
4418 8.837000e+03
4419 8.839000e+03
4420 8.841000e+03
4421 8.843000e+03
4422 8.845000e+03
4423 8.847000e+03
4424 8.849000e+03
4425 8.851000e+03
4426 8.853000e+03
4427 8.855000e+03
4428 8.857000e+03
4429 8.859000e+03
4430 8.861000e+03
4431 8.863000e+03
4432 8.865000e+03
4433 8.867000e+03
4434 8.869000e+03
4435 8.871000e+03
4436 8.873000e+03
4437 8.875000e+03
4438 8.877000e+03
4439 8.879000e+03
4440 8.881000e+03
4441 8.883000e+03
4442 8.885000e+03
4443 8.887000e+03
4444 8.889000e+03
4445 8.891000e+03
4446 8.893000e+03
4447 8.895000e+03
4448 8.897000e+03
4449 8.899000e+03
4450 8.901000e+03
4451 8.903000e+03
4452 8.905000e+03
4453 8.907000e+03
4454 8.909000e+03
4455 8.911000e+03
4456 8.913000e+03
4457 8.915000e+03
4458 8.917000e+03
4459 8.919000e+03
4460 8.921000e+03
4461 8.923000e+03
4462 8.925000e+03
4463 8.927000e+03
4464 8.929000e+03
4465 8.931000e+03
4466 8.933000e+03
4467 8.935000e+03
4468 8.937000e+03
4469 8.939000e+03
4470 8.941000e+03
4471 8.943000e+03
4472 8.945000e+03
4473 8.947000e+03
4474 8.949000e+03
4475 8.951000e+03
4476 8.953000e+03
4477 8.955000e+03
4478 8.957000e+03
4479 8.959000e+03
4480 8.961000e+03
4481 8.963000e+03
4482 8.965000e+03
4483 8.967000e+03
4484 8.969000e+03
4485 8.971000e+03
4486 8.973000e+03
4487 8.975000e+03
4488 8.977000e+03
4489 8.979000e+03
4490 8.981000e+03
4491 8.983000e+03
4492 8.985000e+03
4493 8.987000e+03
4494 8.989000e+03
4495 8.991000e+03
4496 8.993000e+03
4497 8.995000e+03
4498 8.997000e+03
4499 8.999000e+03
4500 9.001000e+03
4501 9.003000e+03
4502 9.005000e+03
4503 9.007000e+03
4504 9.009000e+03
4505 9.011000e+03
4506 9.013000e+03
4507 9.015000e+03
4508 9.017000e+03
4509 9.019000e+03
4510 9.021000e+03
4511 9.023000e+03
4512 9.025000e+03
4513 9.027000e+03
4514 9.029000e+03
4515 9.031000e+03
4516 9.033000e+03
4517 9.035000e+03
4518 9.037000e+03
4519 9.039000e+03
4520 9.041000e+03
4521 9.043000e+03
4522 9.045000e+03
4523 9.047000e+03
4524 9.049000e+03
4525 9.051000e+03
4526 9.053000e+03
4527 9.055000e+03
4528 9.057000e+03
4529 9.059000e+03
4530 9.061000e+03
4531 9.063000e+03
4532 9.065000e+03
4533 9.067000e+03
4534 9.069000e+03
4535 9.071000e+03
4536 9.073000e+03
4537 9.075000e+03
4538 9.077000e+03
4539 9.079000e+03
4540 9.081000e+03
4541 9.083000e+03
4542 9.085000e+03
4543 9.087000e+03
4544 9.089000e+03
4545 9.091000e+03
4546 9.093000e+03
4547 9.095000e+03
4548 9.097000e+03
4549 9.099000e+03
4550 9.101000e+03
4551 9.103000e+03
4552 9.105000e+03
4553 9.107000e+03
4554 9.109000e+03
4555 9.111000e+03
4556 9.113000e+03
4557 9.115000e+03
4558 9.117000e+03
4559 9.119000e+03
4560 9.121000e+03
4561 9.123000e+03
4562 9.125000e+03
4563 9.127000e+03
4564 9.129000e+03
4565 9.131000e+03
4566 9.133000e+03
4567 9.135000e+03
4568 9.137000e+03
4569 9.139000e+03
4570 9.141000e+03
4571 9.143000e+03
4572 9.145000e+03
4573 9.147000e+03
4574 9.149000e+03
4575 9.151000e+03
4576 9.153000e+03
4577 9.155000e+03
4578 9.157000e+03
4579 9.159000e+03
4580 9.161000e+03
4581 9.163000e+03
4582 9.165000e+03
4583 9.167000e+03
4584 9.169000e+03
4585 9.171000e+03
4586 9.173000e+03
4587 9.175000e+03
4588 9.177000e+03
4589 9.179000e+03
4590 9.181000e+03
4591 9.183000e+03
4592 9.185000e+03
4593 9.187000e+03
4594 9.189000e+03
4595 9.191000e+03
4596 9.193000e+03
4597 9.195000e+03
4598 9.197000e+03
4599 9.199000e+03
4600 9.201000e+03
4601 9.203000e+03
4602 9.205000e+03
4603 9.207000e+03
4604 9.209000e+03
4605 9.211000e+03
4606 9.213000e+03
4607 9.215000e+03
4608 9.217000e+03
4609 9.219000e+03
4610 9.221000e+03
4611 9.223000e+03
4612 9.225000e+03
4613 9.227000e+03
4614 9.229000e+03
4615 9.231000e+03
4616 9.233000e+03
4617 9.235000e+03
4618 9.237000e+03
4619 9.239000e+03
4620 9.241000e+03
4621 9.243000e+03
4622 9.245000e+03
4623 9.247000e+03
4624 9.249000e+03
4625 9.251000e+03
4626 9.253000e+03
4627 9.255000e+03
4628 9.257000e+03
4629 9.259000e+03
4630 9.261000e+03
4631 9.263000e+03
4632 9.265000e+03
4633 9.267000e+03
4634 9.269000e+03
4635 9.271000e+03
4636 9.273000e+03
4637 9.275000e+03
4638 9.277000e+03
4639 9.279000e+03
4640 9.281000e+03
4641 9.283000e+03
4642 9.285000e+03
4643 9.287000e+03
4644 9.289000e+03
4645 9.291000e+03
4646 9.293000e+03
4647 9.295000e+03
4648 9.297000e+03
4649 9.299000e+03
4650 9.301000e+03
4651 9.303000e+03
4652 9.305000e+03
4653 9.307000e+03
4654 9.309000e+03
4655 9.311000e+03
4656 9.313000e+03
4657 9.315000e+03
4658 9.317000e+03
4659 9.319000e+03
4660 9.321000e+03
4661 9.323000e+03
4662 9.325000e+03
4663 9.327000e+03
4664 9.329000e+03
4665 9.331000e+03
4666 9.333000e+03
4667 9.335000e+03
4668 9.337000e+03
4669 9.339000e+03
4670 9.341000e+03
4671 9.343000e+03
4672 9.345000e+03
4673 9.347000e+03
4674 9.349000e+03
4675 9.351000e+03
4676 9.353000e+03
4677 9.355000e+03
4678 9.357000e+03
4679 9.359000e+03
4680 9.361000e+03
4681 9.363000e+03
4682 9.365000e+03
4683 9.367000e+03
4684 9.369000e+03
4685 9.371000e+03
4686 9.373000e+03
4687 9.375000e+03
4688 9.377000e+03
4689 9.379000e+03
4690 9.381000e+03
4691 9.383000e+03
4692 9.385000e+03
4693 9.387000e+03
4694 9.389000e+03
4695 9.391000e+03
4696 9.393000e+03
4697 9.395000e+03
4698 9.397000e+03
4699 9.399000e+03
4700 9.401000e+03
4701 9.403000e+03
4702 9.405000e+03
4703 9.407000e+03
4704 9.409000e+03
4705 9.411000e+03
4706 9.413000e+03
4707 9.415000e+03
4708 9.417000e+03
4709 9.419000e+03
4710 9.421000e+03
4711 9.423000e+03
4712 9.425000e+03
4713 9.427000e+03
4714 9.429000e+03
4715 9.431000e+03
4716 9.433000e+03
4717 9.435000e+03
4718 9.437000e+03
4719 9.439000e+03
4720 9.441000e+03
4721 9.443000e+03
4722 9.445000e+03
4723 9.447000e+03
4724 9.449000e+03
4725 9.451000e+03
4726 9.453000e+03
4727 9.455000e+03
4728 9.457000e+03
4729 9.459000e+03
4730 9.461000e+03
4731 9.463000e+03
4732 9.465000e+03
4733 9.467000e+03
4734 9.469000e+03
4735 9.471000e+03
4736 9.473000e+03
4737 9.475000e+03
4738 9.477000e+03
4739 9.479000e+03
4740 9.481000e+03
4741 9.483000e+03
4742 9.485000e+03
4743 9.487000e+03
4744 9.489000e+03
4745 9.491000e+03
4746 9.493000e+03
4747 9.495000e+03
4748 9.497000e+03
4749 9.499000e+03
4750 9.501000e+03
4751 9.503000e+03
4752 9.505000e+03
4753 9.507000e+03
4754 9.509000e+03
4755 9.511000e+03
4756 9.513000e+03
4757 9.515000e+03
4758 9.517000e+03
4759 9.519000e+03
4760 9.521000e+03
4761 9.523000e+03
4762 9.525000e+03
4763 9.527000e+03
4764 9.529000e+03
4765 9.531000e+03
4766 9.533000e+03
4767 9.535000e+03
4768 9.537000e+03
4769 9.539000e+03
4770 9.541000e+03
4771 9.543000e+03
4772 9.545000e+03
4773 9.547000e+03
4774 9.549000e+03
4775 9.551000e+03
4776 9.553000e+03
4777 9.555000e+03
4778 9.557000e+03
4779 9.559000e+03
4780 9.561000e+03
4781 9.563000e+03
4782 9.565000e+03
4783 9.567000e+03
4784 9.569000e+03
4785 9.571000e+03
4786 9.573000e+03
4787 9.575000e+03
4788 9.577000e+03
4789 9.579000e+03
4790 9.581000e+03
4791 9.583000e+03
4792 9.585000e+03
4793 9.587000e+03
4794 9.589000e+03
4795 9.591000e+03
4796 9.593000e+03
4797 9.595000e+03
4798 9.597000e+03
4799 9.599000e+03
4800 9.601000e+03
4801 9.603000e+03
4802 9.605000e+03
4803 9.607000e+03
4804 9.609000e+03
4805 9.611000e+03
4806 9.613000e+03
4807 9.615000e+03
4808 9.617000e+03
4809 9.619000e+03
4810 9.621000e+03
4811 9.623000e+03
4812 9.625000e+03
4813 9.627000e+03
4814 9.629000e+03
4815 9.631000e+03
4816 9.633000e+03
4817 9.635000e+03
4818 9.637000e+03
4819 9.639000e+03
4820 9.641000e+03
4821 9.643000e+03
4822 9.645000e+03
4823 9.647000e+03
4824 9.649000e+03
4825 9.651000e+03
4826 9.653000e+03
4827 9.655000e+03
4828 9.657000e+03
4829 9.659000e+03
4830 9.661000e+03
4831 9.663000e+03
4832 9.665000e+03
4833 9.667000e+03
4834 9.669000e+03
4835 9.671000e+03
4836 9.673000e+03
4837 9.675000e+03
4838 9.677000e+03
4839 9.679000e+03
4840 9.681000e+03
4841 9.683000e+03
4842 9.685000e+03
4843 9.687000e+03
4844 9.689000e+03
4845 9.691000e+03
4846 9.693000e+03
4847 9.695000e+03
4848 9.697000e+03
4849 9.699000e+03
4850 9.701000e+03
4851 9.703000e+03
4852 9.705000e+03
4853 9.707000e+03
4854 9.709000e+03
4855 9.711000e+03
4856 9.713000e+03
4857 9.715000e+03
4858 9.717000e+03
4859 9.719000e+03
4860 9.721000e+03
4861 9.723000e+03
4862 9.725000e+03
4863 9.727000e+03
4864 9.729000e+03
4865 9.731000e+03
4866 9.733000e+03
4867 9.735000e+03
4868 9.737000e+03
4869 9.739000e+03
4870 9.741000e+03
4871 9.743000e+03
4872 9.745000e+03
4873 9.747000e+03
4874 9.749000e+03
4875 9.751000e+03
4876 9.753000e+03
4877 9.755000e+03
4878 9.757000e+03
4879 9.759000e+03
4880 9.761000e+03
4881 9.763000e+03
4882 9.765000e+03
4883 9.767000e+03
4884 9.769000e+03
4885 9.771000e+03
4886 9.773000e+03
4887 9.775000e+03
4888 9.777000e+03
4889 9.779000e+03
4890 9.781000e+03
4891 9.783000e+03
4892 9.785000e+03
4893 9.787000e+03
4894 9.789000e+03
4895 9.791000e+03
4896 9.793000e+03
4897 9.795000e+03
4898 9.797000e+03
4899 9.799000e+03
4900 9.801000e+03
4901 9.803000e+03
4902 9.805000e+03
4903 9.807000e+03
4904 9.809000e+03
4905 9.811000e+03
4906 9.813000e+03
4907 9.815000e+03
4908 9.817000e+03
4909 9.819000e+03
4910 9.821000e+03
4911 9.823000e+03
4912 9.825000e+03
4913 9.827000e+03
4914 9.829000e+03
4915 9.831000e+03
4916 9.833000e+03
4917 9.835000e+03
4918 9.837000e+03
4919 9.839000e+03
4920 9.841000e+03
4921 9.843000e+03
4922 9.845000e+03
4923 9.847000e+03
4924 9.849000e+03
4925 9.851000e+03
4926 9.853000e+03
4927 9.855000e+03
4928 9.857000e+03
4929 9.859000e+03
4930 9.861000e+03
4931 9.863000e+03
4932 9.865000e+03
4933 9.867000e+03
4934 9.869000e+03
4935 9.871000e+03
4936 9.873000e+03
4937 9.875000e+03
4938 9.877000e+03
4939 9.879000e+03
4940 9.881000e+03
4941 9.883000e+03
4942 9.885000e+03
4943 9.887000e+03
4944 9.889000e+03
4945 9.891000e+03
4946 9.893000e+03
4947 9.895000e+03
4948 9.897000e+03
4949 9.899000e+03
4950 9.901000e+03
4951 9.903000e+03
4952 9.905000e+03
4953 9.907000e+03
4954 9.909000e+03
4955 9.911000e+03
4956 9.913000e+03
4957 9.915000e+03
4958 9.917000e+03
4959 9.919000e+03
4960 9.921000e+03
4961 9.923000e+03
4962 9.925000e+03
4963 9.927000e+03
4964 9.929000e+03
4965 9.931000e+03
4966 9.933000e+03
4967 9.935000e+03
4968 9.937000e+03
4969 9.939000e+03
4970 9.941000e+03
4971 9.943000e+03
4972 9.945000e+03
4973 9.947000e+03
4974 9.949000e+03
4975 9.951000e+03
4976 9.953000e+03
4977 9.955000e+03
4978 9.957000e+03
4979 9.959000e+03
4980 9.961000e+03
4981 9.963000e+03
4982 9.965000e+03
4983 9.967000e+03
4984 9.969000e+03
4985 9.971000e+03
4986 9.973000e+03
4987 9.975000e+03
4988 9.977000e+03
4989 9.979000e+03
4990 9.981000e+03
4991 9.983000e+03
4992 9.985000e+03
4993 9.987000e+03
4994 9.989000e+03
4995 9.991000e+03
4996 9.993000e+03
4997 9.995000e+03
4998 9.997000e+03
4999 9.999000e+03
Partition Function: 2.500000e+07
